4 0.26506 92.26714
4 0.26507 93.39562
4 0.26675 91.31338
4 0.26466 92.11943
4 0.26719 91.64892
4 0.26562 93.84490
4 0.26821 91.75247
4 0.26488 93.85218
4 0.26520 93.84293
4 0.26513 93.29662
4 0.26585 92.93508
4 0.26532 93.31273
4 0.26561 92.27335
4 0.26546 93.74574
4 0.26624 90.97974
4 0.26599 92.97845
4 0.26548 92.87698
4 0.26474 93.48396
4 0.26615 92.06434
4 0.26552 92.67233
4 0.26466 93.46584
4 0.26482 92.67418
4 0.26521 92.29308
4 0.26523 91.99384
4 0.26718 91.28902
4 0.26519 93.94062
4 0.26555 93.21756
4 0.26575 92.01967
4 0.26727 90.58010
4 0.26542 94.62632
4 0.26582 91.94289
4 0.26509 92.98139
4 0.26481 93.30772
4 0.26573 91.71896
4 0.26491 92.27244
4 0.26591 91.93689
4 0.26614 91.54741
4 0.26518 92.27945
4 0.26563 92.48055
4 0.26575 93.09849
4 0.26461 92.76624
4 0.26537 91.08616
4 0.26631 92.09862
4 0.26514 94.32588
4 0.26552 92.26026
4 0.26838 93.53573
4 0.26561 93.23156
4 0.26583 92.31291
4 0.26474 93.98845
4 0.26486 94.36030
4 0.26498 91.23401
4 0.26606 91.23023
4 0.26594 93.86627
4 0.26532 91.04501
4 0.26555 93.30441
4 0.26581 92.29825
4 0.26573 93.68746
4 0.26536 92.86231
4 0.26530 93.89782
4 0.26647 92.75741
4 0.26522 92.40688
4 0.26488 93.19232
4 0.26531 91.42642
4 0.26577 93.68186
4 0.26507 95.05552
4 0.26720 94.35328
4 0.26536 92.81523
4 0.26542 94.38733
4 0.26494 92.97746
4 0.26765 91.61642
4 0.26539 91.03731
4 0.26497 90.41082
4 0.26522 93.23963
4 0.26730 91.16915
4 0.26486 91.60243
4 0.26522 92.06967
4 0.26502 93.68640
4 0.26543 92.77107
4 0.26543 91.51388
4 0.26546 92.34098
4 0.26595 93.43636
4 0.26788 91.93994
4 0.26744 92.72753
4 0.26522 92.37913
4 0.26608 89.73500
4 0.26528 91.78732
4 0.26571 91.28164
4 0.26531 93.37094
4 0.26564 91.93583
4 0.26507 92.41990
4 0.26478 94.42121
4 0.26562 91.80230
4 0.26472 91.55379
4 0.26635 92.71183
4 0.26525 92.04879
4 0.26576 92.16701
4 0.26555 92.76946
4 0.26443 92.50557
4 0.26477 92.40809
4 0.26574 92.51690
