2 0.49503 96.45683
2 0.49709 96.91177
2 0.49592 96.47475
2 0.49623 97.51939
2 0.49627 99.02944
2 0.49673 96.21972
2 0.49696 96.27066
2 0.49679 96.19479
2 0.49664 96.16316
2 0.49636 97.83366
2 0.49716 96.11294
2 0.49630 96.19186
2 0.49683 96.12020
2 0.49628 96.28200
2 0.49653 95.97637
2 0.49666 96.19312
2 0.49612 96.35967
2 0.49683 96.01506
2 0.49700 96.23222
2 0.49581 96.37201
2 0.50049 95.41747
2 0.49629 96.23336
2 0.49629 96.19631
2 0.49539 98.90559
2 0.49625 96.73914
2 0.49607 96.13830
2 0.49646 96.42304
2 0.49567 96.62384
2 0.49631 96.33156
2 0.49577 97.87641
2 0.49655 96.21861
2 0.49582 96.48504
2 0.49660 96.27391
2 0.49637 96.11469
2 0.49715 96.09629
2 0.49622 96.25211
2 0.49594 96.31768
2 0.49738 96.00527
2 0.49724 96.19468
2 0.49650 96.43613
2 0.49635 96.09763
2 0.49726 96.12360
2 0.49691 96.11391
2 0.49693 96.03656
2 0.49641 96.21370
2 0.49667 96.18865
2 0.49679 96.21252
2 0.49667 96.06048
2 0.49996 95.53101
2 0.49640 96.37620
2 0.49610 96.86766
2 0.49667 96.02360
2 0.49601 96.27741
2 0.49690 96.15043
2 0.50082 95.41183
2 0.49668 96.35004
2 0.49652 96.37426
2 0.49561 96.47727
2 0.49716 96.20534
2 0.49618 97.27788
2 0.49659 96.07993
2 0.49687 96.12224
2 0.49682 96.24771
2 0.49554 97.91316
2 0.49725 97.53061
2 0.49688 96.13579
2 0.49609 96.22343
2 0.49684 97.01581
2 0.49687 96.12485
2 0.49664 96.25478
2 0.49745 95.86052
2 0.49692 96.81259
2 0.49616 96.45870
2 0.49697 96.14447
2 0.49767 96.58250
2 0.49692 96.36166
2 0.49635 96.12469
2 0.49689 96.32934
2 0.49593 96.39543
2 0.49658 97.35839
2 0.49648 97.42835
2 0.49610 96.28226
2 0.50234 95.04109
2 0.49723 96.41173
2 0.49684 96.18473
2 0.49644 97.86489
2 0.49717 96.26612
2 0.49597 96.49846
2 0.49618 96.90098
2 0.49680 96.09895
2 0.49696 96.23857
2 0.49549 96.25476
2 0.49601 96.23080
2 0.49671 96.15685
2 0.49653 96.37319
2 0.49738 96.41708
2 0.49639 96.33910
2 0.49653 96.21716
2 0.49652 96.30443
2 0.49606 96.24222
