7 0.56649 94.42415
7 0.56409 95.19835
7 0.56708 94.06954
7 0.56215 94.88766
7 0.56191 95.58845
7 0.56817 94.39202
7 0.56177 95.54600
7 0.56407 94.60630
7 0.56637 94.25553
7 0.56604 94.41995
7 0.56498 94.34403
7 0.56549 94.96048
7 0.56171 94.95173
7 0.56254 95.38752
7 0.56142 94.99941
7 0.56334 94.73234
7 0.56390 94.53416
7 0.57064 93.65024
7 0.56296 94.90923
7 0.56150 95.54620
7 0.56523 94.50613
7 0.56751 94.35536
7 0.56159 95.58001
7 0.56903 94.24064
7 0.56340 94.96951
7 0.56401 94.63916
7 0.56136 95.77283
7 0.56624 94.51175
7 0.56109 95.75268
7 0.56464 94.65931
7 0.56616 94.54369
7 0.56499 94.41686
7 0.56589 94.27750
7 0.56479 94.52703
7 0.56441 95.05749
7 0.56299 94.78150
7 0.56259 95.25267
7 0.56427 94.62973
7 0.56755 94.21330
7 0.57052 93.94234
7 0.56402 94.91645
7 0.56247 94.86206
7 0.56387 95.14295
7 0.56214 95.46683
7 0.56140 95.64129
7 0.56125 95.31267
7 0.56455 94.57150
7 0.56536 94.77962
7 0.56220 94.98975
7 0.56122 95.44083
7 0.56624 94.44255
7 0.56094 95.35116
7 0.56158 95.45248
7 0.56404 94.81063
7 0.56116 95.26447
7 0.56217 94.95207
7 0.56200 95.26197
7 0.56373 94.67738
7 0.56934 94.33364
7 0.56179 94.97906
7 0.56144 95.18531
7 0.56518 95.09601
7 0.56098 95.65720
7 0.56571 94.29058
7 0.56292 95.46698
7 0.56371 94.87152
7 0.56290 94.90553
7 0.56834 94.20477
7 0.56184 94.96365
7 0.56223 95.55332
7 0.56286 95.12924
7 0.56097 95.47845
7 0.56205 95.31781
7 0.56613 94.30241
7 0.56454 94.53235
7 0.56286 95.21466
7 0.56721 94.42307
7 0.56599 94.87864
7 0.56452 94.96690
7 0.56543 94.87240
7 0.56202 95.00469
7 0.57395 93.16935
7 0.56874 94.03257
7 0.56227 95.33393
7 0.56421 95.03790
7 0.56542 94.46123
7 0.56027 95.81215
7 0.56552 94.89474
7 0.56329 95.14128
7 0.56555 94.85721
7 0.56766 94.62052
7 0.56183 95.09251
7 0.56226 95.13356
7 0.56209 95.35820
7 0.56602 94.36485
7 0.56321 94.90673
7 0.56365 94.83862
7 0.56529 94.63562
7 0.56495 94.46170
7 0.56577 94.93811
