8 0.49559 94.78245
8 0.49920 93.81779
8 0.49657 94.37889
8 0.49585 94.16949
8 0.49487 95.00640
8 0.49476 94.90112
8 0.49343 94.88826
8 0.49372 95.03183
8 0.49458 94.56168
8 0.49623 94.57900
8 0.49553 94.37901
8 0.49626 94.62380
8 0.50030 93.58976
8 0.49697 94.45337
8 0.49976 93.53871
8 0.49766 93.80319
8 0.49566 94.90080
8 0.49448 94.42010
8 0.49405 95.22885
8 0.49732 94.03966
8 0.49817 93.79902
8 0.49542 94.60592
8 0.49564 94.90654
8 0.49493 94.66049
8 0.49555 94.40165
8 0.49418 94.97057
8 0.49820 94.39620
8 0.49488 94.76129
8 0.49464 94.71131
8 0.49411 94.96548
8 0.49820 94.21676
8 0.49551 94.71271
8 0.49680 94.11139
8 0.49644 94.13323
8 0.49567 94.59947
8 0.49711 94.01131
8 0.49471 94.44109
8 0.49348 94.62237
8 0.49704 94.49485
8 0.49448 94.91585
8 0.49627 94.24545
8 0.49589 93.79483
8 0.49741 93.97326
8 0.49808 94.40698
8 0.49452 94.62758
8 0.49903 94.05049
8 0.49391 95.03681
8 0.49412 95.20099
8 0.49704 94.26328
8 0.49513 94.61844
8 0.50228 93.35561
8 0.49569 94.40099
8 0.49733 94.11865
8 0.49654 94.21081
8 0.49338 94.63852
8 0.49468 94.95672
8 0.49653 94.83973
8 0.49419 95.12088
8 0.49802 94.11593
8 0.49651 94.24976
8 0.49604 94.42127
8 0.49619 94.53096
8 0.49420 94.48363
8 0.49586 94.87425
8 0.49600 94.81476
8 0.49493 94.94680
8 0.49642 94.14606
8 0.49592 94.87619
8 0.49374 94.98213
8 0.49415 94.58398
8 0.49592 94.28390
8 0.49398 94.69616
8 0.49498 94.96799
8 0.49425 95.03872
8 0.49554 94.45788
8 0.49369 95.29533
8 0.49548 94.62206
8 0.49488 95.02049
8 0.49779 93.81427
8 0.49763 94.24174
8 0.49463 94.86453
8 0.49429 95.05964
8 0.49424 94.52524
8 0.49421 94.86450
8 0.49824 94.20556
8 0.49950 93.64227
8 0.49545 94.27606
8 0.49653 94.62348
8 0.49497 94.43034
8 0.49476 94.47637
8 0.49620 94.23375
8 0.49545 94.81452
8 0.49679 94.33830
8 0.49699 94.47437
8 0.49744 94.17809
8 0.49444 94.48461
8 0.49471 94.43551
8 0.49465 95.01216
8 0.49793 93.87147
8 0.49724 94.08713
