3 0.04989 62.32383
3 0.04760 56.53525
3 0.04907 63.14043
3 0.04946 64.39583
3 0.04906 63.86968
3 0.04977 63.61572
3 0.04881 64.82348
3 0.04926 64.35236
3 0.04965 62.78259
3 0.04986 63.40773
3 0.04909 65.40181
3 0.04916 63.54092
3 0.04999 61.60400
3 0.04980 62.93981
3 0.04931 64.07190
3 0.04985 62.40318
3 0.05003 63.53969
3 0.04981 63.11722
3 0.05019 62.03003
3 0.04774 65.74411
3 0.04790 64.59066
3 0.04943 64.02825
3 0.04984 62.62876
3 0.04866 63.85615
3 0.04967 63.14408
3 0.04950 62.30729
3 0.04975 62.64209
3 0.04993 62.85180
3 0.04932 63.81585
3 0.04980 61.45067
3 0.04900 63.05831
3 0.04857 63.73766
3 0.04908 62.51901
3 0.04952 62.44864
3 0.04971 62.99531
3 0.05009 61.81140
3 0.04855 61.84044
3 0.04921 64.02543
3 0.04901 63.27413
3 0.04987 62.97014
3 0.04956 62.63063
3 0.04962 63.35629
3 0.04816 64.75274
3 0.04872 63.80787
3 0.04858 65.12693
3 0.04969 63.97494
3 0.04899 62.82330
3 0.04965 63.03245
3 0.04957 63.29205
3 0.04978 62.35818
3 0.04880 64.19677
3 0.04983 62.49010
3 0.04941 62.35999
3 0.04816 66.24343
3 0.04973 62.38731
3 0.05001 61.10897
3 0.04894 64.03737
3 0.04959 62.83510
3 0.04999 63.17801
3 0.05017 61.53408
3 0.04969 62.79531
3 0.04905 66.08346
3 0.04911 63.68627
3 0.04875 63.67569
3 0.04959 62.77333
3 0.05009 62.22920
3 0.04850 64.29219
3 0.04888 63.36047
3 0.04967 61.21124
3 0.04967 63.12601
3 0.04827 64.82397
3 0.04976 62.81696
3 0.04962 63.40274
3 0.04967 62.62360
3 0.04957 63.25374
3 0.04999 61.81982
3 0.04815 64.29895
3 0.04955 63.19983
3 0.04959 61.90322
3 0.04874 64.84774
3 0.04987 62.16927
3 0.04970 62.84908
3 0.05002 62.28136
3 0.04976 62.27726
3 0.04953 62.44427
3 0.04844 63.48787
3 0.04888 64.03850
3 0.04879 63.56387
3 0.04947 63.55098
3 0.05020 62.29424
3 0.04961 63.29745
3 0.04942 63.24390
3 0.04899 63.78482
3 0.04969 62.68387
3 0.04892 63.65684
3 0.04827 65.30631
3 0.04985 62.34392
3 0.04848 65.00036
3 0.04968 62.36406
3 0.04933 63.18459
