7 0.06210 65.56727
7 0.06220 66.15006
7 0.06250 65.98797
7 0.06223 69.48538
7 0.06230 67.59861
7 0.06497 63.76065
7 0.06241 70.24568
7 0.06275 66.48704
7 0.06475 66.75888
7 0.06303 68.09170
7 0.06212 66.74687
7 0.06156 70.76406
7 0.06246 67.69107
7 0.06532 66.91135
7 0.06209 67.40412
7 0.06231 67.26472
7 0.06212 69.72312
7 0.06228 66.63550
7 0.06184 66.42611
7 0.06368 62.29851
7 0.06188 64.32356
7 0.06222 69.17668
7 0.06241 66.80392
7 0.06237 68.74288
7 0.06179 66.09654
7 0.06232 67.24249
7 0.06207 65.56815
7 0.06175 65.68514
7 0.06318 65.57778
7 0.06228 64.61877
7 0.06468 61.00042
7 0.06221 63.23951
7 0.06201 64.21441
7 0.06190 68.90238
7 0.06175 63.71592
7 0.06208 70.13533
7 0.06280 67.14691
7 0.06330 68.40103
7 0.06187 65.53882
7 0.06274 63.13983
7 0.06303 69.74689
7 0.06225 66.06958
7 0.06249 69.13950
7 0.06202 64.89411
7 0.06219 69.95180
7 0.06226 69.75961
7 0.06244 63.12297
7 0.06314 67.52428
7 0.06217 69.28738
7 0.06203 68.69147
7 0.06225 66.84898
7 0.06227 69.13362
7 0.06191 66.65864
7 0.06306 66.41729
7 0.06239 69.80292
7 0.06241 67.93385
7 0.06208 67.62035
7 0.06204 69.09369
7 0.06362 68.13414
7 0.06187 68.63194
7 0.06467 64.26385
7 0.06471 65.44850
7 0.06204 68.38447
7 0.06241 66.58339
7 0.06290 67.19551
7 0.06201 67.77028
7 0.06165 67.96082
7 0.06389 65.65006
7 0.06199 63.17106
7 0.06337 64.48117
7 0.06183 71.07706
7 0.06324 67.28298
7 0.06219 68.23867
7 0.06208 67.75321
7 0.06478 64.84356
7 0.06231 68.70536
7 0.06213 70.25699
7 0.06191 69.84838
7 0.06365 65.88463
7 0.06198 68.45896
7 0.06139 67.05680
7 0.06221 70.03958
7 0.06194 66.22207
7 0.06233 69.67071
7 0.06302 64.40875
7 0.06244 69.50352
7 0.06224 68.42646
7 0.06222 69.96022
7 0.06243 66.47475
7 0.06225 68.45630
7 0.06280 68.92857
7 0.06264 69.30561
7 0.06210 69.46197
7 0.06214 69.52181
7 0.06334 65.23367
7 0.06191 70.05768
7 0.06219 65.51095
7 0.06213 66.69192
7 0.06239 62.94211
7 0.06207 68.03663
