5 0.07578 72.47134
5 0.07564 66.67617
5 0.07593 67.21322
5 0.07507 77.54107
5 0.07531 66.97044
5 0.07560 66.92794
5 0.07783 73.07588
5 0.07517 67.61551
5 0.08140 64.97855
5 0.07427 77.17677
5 0.07564 67.09385
5 0.07435 71.92984
5 0.07591 77.33301
5 0.07520 71.24990
5 0.07522 78.46819
5 0.07495 72.36672
5 0.07779 65.43275
5 0.07579 77.37349
5 0.07687 64.73896
5 0.07430 77.77271
5 0.07537 71.64033
5 0.07621 77.37900
5 0.07637 65.19020
5 0.07621 68.25162
5 0.07688 66.07540
5 0.07571 72.65729
5 0.07563 77.27104
5 0.07558 76.32958
5 0.07561 66.48749
5 0.07501 67.06620
5 0.07649 65.78867
5 0.07431 78.45207
5 0.07478 71.90370
5 0.07468 73.51251
5 0.07637 65.52906
5 0.07535 71.23410
5 0.07456 77.42061
5 0.07513 72.31740
5 0.07588 76.10316
5 0.07644 71.19653
5 0.07475 67.02857
5 0.07684 65.28408
5 0.07549 74.11901
5 0.07623 76.82765
5 0.07594 71.93669
5 0.07633 65.88093
5 0.07708 66.13855
5 0.07567 70.19034
5 0.07580 67.39302
5 0.07631 71.14505
5 0.07842 70.58454
5 0.07516 77.27427
5 0.07536 76.69881
5 0.07601 77.74164
5 0.07573 75.94602
5 0.07482 77.71430
5 0.07653 72.71882
5 0.07488 67.29383
5 0.07532 72.49136
5 0.07494 72.47684
5 0.07512 77.04375
5 0.07495 69.79348
5 0.07599 70.19501
5 0.07708 70.00975
5 0.07633 76.86522
5 0.07591 72.97959
5 0.07596 68.95750
5 0.07627 73.44577
5 0.07545 74.90972
5 0.07467 72.77376
5 0.07497 71.87235
5 0.07503 72.07950
5 0.07539 78.10081
5 0.07600 66.44607
5 0.07592 71.05882
5 0.07539 75.41953
5 0.07444 73.57772
5 0.07756 73.51102
5 0.07579 78.11616
5 0.07589 71.02982
5 0.07507 67.10586
5 0.07652 72.72977
5 0.07502 66.70471
5 0.07443 73.32748
5 0.07648 66.78211
5 0.07539 75.83755
5 0.07521 66.65150
5 0.07526 66.91984
5 0.07530 69.79145
5 0.07456 76.69866
5 0.07530 66.93386
5 0.07467 71.57119
5 0.07420 68.14635
5 0.07668 71.73558
5 0.07633 65.27142
5 0.07469 67.14956
5 0.07598 71.00379
5 0.07521 68.36244
5 0.07515 67.34022
5 0.07568 74.38567
