5 2563660.248099
5 2564139.754936
5 2564449.552427
5 2563854.918493
5 2564761.859761
5 2563148.030385
5 2564723.304985
5 2563587.781972
5 2563436.420292
5 2563479.344746
5 2563512.572429
5 2564063.458803
5 2564297.783816
5 2563842.530537
5 2563262.838306
5 2564145.418863
5 2565042.990038
5 2564360.706409
5 2563964.099217
5 2563872.430207
5 2563600.326193
5 2563413.368892
5 2565002.641631
5 2564462.511707
5 2564097.340402
5 2563372.281762
5 2564525.126328
5 2563907.772878
5 2564063.769505
5 2564483.073671
5 2564228.609325
5 2563346.440101
5 2564951.365682
5 2563459.446182
5 2564966.438109
5 2563285.094097
5 2564505.121030
5 2563428.613389
5 2564262.685463
5 2563153.341973
5 2563381.585364
5 2563799.026133
5 2564620.409947
5 2563107.682693
5 2562986.503756
5 2564835.229275
5 2563890.030533
5 2563367.365518
5 2564393.851452
5 2563319.942330
