6 3138939.437720
6 3139000.208326
6 3139176.510423
6 3138987.767873
6 3139325.752396
6 3139324.380076
6 3139833.861295
6 3139555.053096
6 3138960.433799
6 3139373.384132
6 3139089.657712
6 3139304.272672
6 3139007.587728
6 3139500.586395
6 3139178.711178
6 3140105.884768
6 3138862.749068
6 3139860.551998
6 3138887.122090
6 3139457.888720
6 3139735.219184
6 3140127.910007
6 3139359.775630
6 3139042.873988
6 3138938.887968
6 3140114.877317
6 3139226.622645
6 3140329.195405
6 3139389.852943
6 3139330.270985
6 3139623.275099
6 3139366.605221
6 3139903.647714
6 3139328.663370
6 3139267.670448
6 3139112.871137
6 3139255.916968
6 3139089.893437
6 3139403.361978
6 3139728.430240
6 3139550.876354
6 3139730.551782
6 3139136.800849
6 3139415.092759
6 3139420.157104
6 3139507.766517
6 3139085.740132
6 3139235.504986
6 3139921.045911
6 3139329.150791