7 3629907.078516
7 3629909.439840
7 3630599.993784
7 3630687.124629
7 3630746.384280
7 3630844.323725
7 3630788.237953
7 3630899.007512
7 3629808.967118
7 3630316.702442
7 3630264.918066
7 3630235.902307
7 3630941.325809
7 3629765.110944
7 3630095.643429
7 3630179.609079
7 3630018.777697
7 3630013.737509
7 3629882.391113
7 3630152.616769
7 3630483.792860
7 3629161.479938
7 3630420.452823
7 3631358.158793
7 3630356.009143
7 3629616.395009
7 3630539.782979
7 3629565.129709
7 3630594.626395
7 3629679.241864
7 3630506.810761
7 3630724.534224
7 3629607.686062
7 3630063.573411
7 3630272.752199
7 3629963.485460
7 3630325.492156
7 3629994.933709
7 3630300.124145
7 3629877.079441
7 3630291.475045
7 3630378.118658
7 3630806.702251
7 3630562.367204
7 3630272.010747
7 3630377.348231
7 3629970.351385
7 3630804.554439
7 3630721.982871
7 3630233.158194
