1 532049.738706
1 532070.482305
1 530802.275188
1 531138.535779
1 529800.549649
1 531933.378761
1 530287.042092
1 531556.313546
1 531475.002208
1 530676.580820
1 532584.347328
1 531376.191716
1 531205.603691
1 531035.866016
1 530075.276940
1 531800.133792
1 531739.855715
1 530664.290803
1 529720.775590
1 532176.444236
1 532346.656079
1 531190.199075
1 531804.249836
1 531149.712152
1 530230.374215
1 529743.827132
1 530484.606253
1 531517.331031
1 530946.616194
1 531743.717481
1 531951.517347
1 530826.155611
1 532343.764111
1 530052.139959
1 531819.673757
1 531883.152248
1 532000.900380
1 530337.193020
1 531270.322556
1 531358.009763
1 531687.677385
1 530377.946270
1 530294.445276
1 531744.655745
1 531132.335494
1 529671.973166
1 531824.403391
1 529696.398664
1 532028.458165
1 529551.770609
