3 1532289.728079
3 1533272.112986
3 1531618.296284
3 1532224.602097
3 1532213.289745
3 1531762.125798
3 1532351.436185
3 1531738.129521
3 1532291.470217
3 1532031.626536
3 1533052.062188
3 1531480.480279
3 1531237.259887
3 1531711.376287
3 1532173.602410
3 1530844.517841
3 1531480.810122
3 1532712.028912
3 1531962.151614
3 1531490.784029
3 1531779.605963
3 1531710.018086
3 1531980.646147
3 1531609.451579
3 1532735.675542
3 1533114.867870
3 1532059.620626
3 1532534.925835
3 1530700.379168
3 1531273.205172
3 1531051.645931
3 1531375.141813
3 1532701.315742
3 1530569.551199
3 1531998.254077
3 1533031.681380
3 1532618.987176
3 1531432.077256
3 1532285.347200
3 1532401.886939
3 1533021.562566
3 1531415.402649
3 1530633.444621
3 1531192.828858
3 1532221.349322
3 1531855.724698
3 1532646.636243
3 1531917.018625
3 1531265.575208
3 1531759.740794
