4 2140420.329581
4 2141091.879817
4 2141945.945215
4 2141196.367825
4 2140900.403281
4 2141974.152612
4 2141561.566275
4 2141331.153579
4 2140257.565963
4 2140261.064683
4 2140690.668148
4 2140242.262090
4 2139850.202494
4 2139831.990121
4 2140379.688383
4 2141282.891408
4 2140741.698466
4 2141377.619214
4 2141321.853583
4 2140943.152166
4 2141088.454689
4 2140009.293229
4 2140099.000803
4 2140923.005297
4 2141258.870203
4 2140352.311896
4 2140861.272059
4 2141306.786602
4 2140342.608916
4 2140724.769589
4 2142116.262894
4 2142487.041867
4 2140036.468932
4 2140513.904578
4 2140101.736917
4 2140314.313810
4 2139617.952202
4 2139967.553519
4 2140133.286933
4 2140145.741457
4 2140765.778743
4 2140347.760055
4 2139524.993621
4 2139803.918184
4 2140081.888595
4 2139737.370098
4 2139820.845678
4 2139837.710497
4 2139975.789790
4 2141323.834593
