1 0.10254 78.44040
1 0.10610 92.46988
1 0.12259 67.68947
1 0.12114 79.62908
1 0.12164 81.76339
1 0.12123 80.85893
1 0.11662 68.18729
1 0.11542 75.72342
1 0.12299 81.40025
1 0.10428 76.00808
1 0.11750 82.38360
1 0.12226 79.78875
1 0.11207 87.33946
1 0.10770 92.89816
1 0.11446 85.85278
1 0.12148 78.80808
1 0.10314 77.24523
1 0.11740 83.34396
1 0.11965 81.74534
1 0.12194 82.12474
1 0.12160 67.89724
1 0.11538 83.52146
1 0.10683 75.51660
1 0.12066 81.52122
1 0.12170 80.01109
1 0.11500 83.69192
1 0.12237 80.04214
1 0.11233 70.98769
1 0.11319 70.43551
1 0.11317 86.74214
1 0.10454 76.26342
1 0.10469 94.65835
1 0.12282 79.90469
1 0.11681 84.33627
1 0.11999 81.48541
1 0.12360 80.50465
1 0.10378 77.10180
1 0.10722 92.33880
1 0.10846 88.25924
1 0.11100 90.11695
1 0.10751 92.07621
1 0.11913 82.45390
1 0.11384 84.80509
1 0.11587 84.22961
1 0.10380 76.54811
1 0.12303 79.71257
1 0.12313 73.89215
1 0.10659 91.68744
1 0.11998 81.73525
1 0.11921 84.73161
1 0.12343 74.46350
1 0.10424 76.28081
1 0.11552 88.11690
1 0.11203 87.66494
1 0.11945 82.80741
1 0.11687 84.04747
1 0.11526 84.61366
1 0.11683 84.38312
1 0.10933 89.17655
1 0.11867 82.04449
1 0.12456 79.63742
1 0.10312 77.21885
1 0.10520 94.60558
1 0.11110 87.20151
1 0.12445 76.76624
1 0.11510 69.25221
1 0.10421 76.96110
1 0.12147 81.98245
1 0.10316 77.26450
1 0.11414 85.77863
1 0.10412 78.51743
1 0.11615 84.62925
1 0.11402 71.16162
1 0.11129 86.54561
1 0.10506 94.72555
1 0.10575 92.74845
1 0.12184 79.66823
1 0.12278 79.50890
1 0.12286 72.56295
1 0.10700 90.14332
1 0.10896 88.80739
1 0.10201 78.20419
1 0.12042 82.61957
1 0.10865 90.43977
1 0.11319 86.01988
1 0.11275 78.11347
1 0.10771 90.52797
1 0.11410 69.61441
1 0.10460 95.66505
1 0.11008 87.10362
1 0.12314 80.43194
1 0.12314 78.98325
1 0.12287 80.89816
1 0.12152 84.33627
1 0.11411 87.68208
1 0.10287 78.04484
1 0.12283 80.77733
1 0.11611 83.92605
1 0.12138 80.83951
1 0.10911 72.31632
