4 0.04900 49.25583
4 0.04987 49.59559
4 0.04881 50.45281
4 0.04909 49.66478
4 0.04912 49.14106
4 0.04841 51.45324
4 0.04861 51.72133
4 0.04835 50.58821
4 0.04775 51.98851
4 0.05261 48.20704
4 0.04875 50.67663
4 0.04811 51.87207
4 0.04897 50.44943
4 0.04820 49.51141
4 0.04762 51.48321
4 0.04824 51.09199
4 0.04823 52.10218
4 0.04820 50.28994
4 0.04887 50.11916
4 0.04891 50.29272
4 0.05195 46.14929
4 0.05001 48.72691
4 0.04778 51.61180
4 0.04970 49.85078
4 0.04809 50.00478
4 0.04759 50.99169
4 0.04926 49.14556
4 0.04844 50.73683
4 0.04807 49.86013
4 0.04871 49.41600
4 0.04806 50.56700
4 0.04852 51.64486
4 0.04798 50.76075
4 0.05000 48.31591
4 0.04762 51.73101
4 0.04876 50.64542
4 0.04734 52.15472
4 0.04920 49.94151
4 0.05193 46.77873
4 0.04863 50.09037
4 0.04725 51.46373
4 0.05180 46.10832
4 0.04827 51.80591
4 0.04844 50.26777
4 0.04840 50.63524
4 0.04845 51.14306
4 0.04909 49.80801
4 0.04903 50.42208
4 0.04966 48.98918
4 0.04860 49.46486
4 0.04796 52.04839
4 0.04882 49.89100
4 0.04814 52.33007
4 0.04798 50.15877
4 0.04818 51.24908
4 0.04821 51.31521
4 0.04849 50.62478
4 0.04778 51.01875
4 0.04925 50.36982
4 0.04822 50.93665
4 0.04782 51.42545
4 0.04924 49.30723
4 0.04800 50.19266
4 0.04823 51.34648
4 0.04812 51.29295
4 0.04865 50.02170
4 0.04903 48.97970
4 0.04907 49.27697
4 0.04908 49.72254
4 0.04820 51.33031
4 0.04810 51.07053
4 0.04924 48.94069
4 0.04996 49.70548
4 0.04765 50.64543
4 0.04945 49.56271
4 0.04882 49.84011
4 0.04831 50.01984
4 0.04820 50.63578
4 0.04844 51.24107
4 0.05036 49.17185
4 0.04976 49.61207
4 0.04777 51.02186
4 0.04873 49.78549
4 0.04803 50.69584
4 0.04920 49.86705
4 0.04757 51.09156
4 0.04826 49.87010
4 0.04910 51.27332
4 0.04791 50.89010
4 0.04819 51.00039
4 0.04941 48.73507
4 0.04915 49.49230
4 0.04780 51.33147
4 0.04804 51.46135
4 0.04896 49.09831
4 0.04860 51.18328
4 0.04875 49.92689
4 0.04802 50.83819
4 0.05268 43.23189
4 0.04797 51.36655
