2 0.14313 99.99920
2 0.14183 99.31967
2 0.13932 102.10402
2 0.14036 103.73286
2 0.14350 99.01765
2 0.14432 93.54719
2 0.14200 94.99787
2 0.14108 98.08745
2 0.14072 106.60556
2 0.13976 102.27863
2 0.14052 102.41892
2 0.14047 101.75213
2 0.14401 93.43550
2 0.14176 104.55131
2 0.14194 96.17170
2 0.13974 104.16977
2 0.14023 105.83020
2 0.14121 104.86686
2 0.14104 101.38916
2 0.14357 100.42664
2 0.14074 96.47308
2 0.14681 99.17307
2 0.14046 96.07391
2 0.14024 99.51573
2 0.14092 100.48096
2 0.13927 104.72215
2 0.14008 102.93180
2 0.14390 103.32227
2 0.14042 97.35607
2 0.14209 95.48751
2 0.14334 104.32371
2 0.14584 99.26724
2 0.14068 101.24418
2 0.14232 101.73171
2 0.14289 95.21160
2 0.14196 94.38139
2 0.14114 97.71832
2 0.13957 106.45401
2 0.14042 103.62071
2 0.14067 101.17785
2 0.14266 98.63287
2 0.14487 93.36709
2 0.14219 97.60147
2 0.14017 103.99063
2 0.14185 99.65664
2 0.14299 98.11680
2 0.14549 95.07708
2 0.14142 99.31377
2 0.14023 102.55989
2 0.14030 99.23643
2 0.14336 101.03064
2 0.14371 103.66598
2 0.14101 103.26662
2 0.14012 96.33259
2 0.14154 98.09384
2 0.14385 101.90937
2 0.14046 99.13851
2 0.14090 102.90905
2 0.14004 105.13412
2 0.14117 101.61154
2 0.14356 96.39899
2 0.14373 94.67601
2 0.14045 101.38633
2 0.14286 102.75152
2 0.14390 96.89231
2 0.14252 99.35870
2 0.14339 98.10994
2 0.14151 97.72638
2 0.14260 95.85996
2 0.14271 96.94983
2 0.14136 99.26625
2 0.14155 105.29452
2 0.13968 101.13417
2 0.14063 103.83662
2 0.14140 98.55336
2 0.14104 102.65396
2 0.14177 104.99334
2 0.14328 103.86116
2 0.14595 98.38451
2 0.14046 101.28511
2 0.14231 99.44668
2 0.14342 104.01361
2 0.14395 97.27360
2 0.14045 102.06285
2 0.14313 97.48452
2 0.14423 98.90819
2 0.14166 97.49078
2 0.14061 95.25676
2 0.14306 93.77709
2 0.13948 101.83331
2 0.13994 97.31932
2 0.14668 91.73654
2 0.14266 95.92412
2 0.14041 106.79771
2 0.14475 103.29352
2 0.14140 103.59766
2 0.14132 96.29626
2 0.14104 103.23671
2 0.14250 97.66681
2 0.14122 99.32585
