2 6.770634
2 6.756118
2 6.729279
2 6.763353
2 6.776902
2 6.770723
2 6.764567
2 6.763815
2 6.767769
2 6.779741
2 6.761469
2 6.775492
2 6.769564
2 6.771162
2 6.765313
2 6.772106
2 6.754042
2 6.766291
2 6.761861
2 6.770824
2 6.765313
2 6.772112
2 6.759563
2 6.757899
2 6.757075
2 6.773674
2 6.760847
2 6.762647
2 6.752900
2 6.768785
2 6.760912
2 6.765408
2 6.753891
2 6.755077
2 6.772136
2 6.755505
2 6.760198
2 6.761231
2 6.776402
2 6.761873
2 6.770118
2 6.774525
2 6.778251
2 6.745133
2 6.763805
2 6.766157
2 6.771330
2 6.756344
2 6.766028
2 6.778637
2 6.764262
2 6.765736
2 6.756909
2 6.760726
2 6.773652
2 6.756447
2 6.756950
2 6.772290
2 6.756279
2 6.765940
2 6.747133
2 6.764329
2 6.767092
2 6.751597
2 6.752935
2 6.764422
2 6.774118
2 6.769488
2 6.770057
2 6.758778
2 6.765108
2 6.744410
2 6.760973
2 6.777358
2 6.770412
2 6.760870
2 6.762374
2 6.764935
2 6.756436
2 6.760687
2 6.770558
2 6.764586
2 6.762674
2 6.752772
2 6.761691
2 6.775611
2 6.760028
2 6.768184
2 6.756887
2 6.764150
2 6.765459
2 6.759558
2 6.737700
2 6.757445
2 6.758985
2 6.772396
2 6.765372
2 6.772189
2 6.758186
2 6.763494
