5 17.307473
5 17.305733
5 17.277938
5 17.338132
5 17.300590
5 17.304411
5 17.332913
5 17.341028
5 17.329737
5 17.299714
5 17.280573
5 17.312917
5 17.350053
5 17.322727
5 17.298397
5 17.323632
5 17.306791
5 17.310920
5 17.293115
5 17.299434
5 17.290590
5 17.319538
5 17.290229
5 17.294427
5 17.309904
5 17.340004
5 17.294612
5 17.292990
5 17.334351
5 17.300548
5 17.280359
5 17.292267
5 17.301864
5 17.335004
5 17.323394
5 17.333162
5 17.328967
5 17.299123
5 17.325919
5 17.302201
5 17.296037
5 17.333506
5 17.305361
5 17.307715
5 17.298094
5 17.335346
5 17.237055
5 17.346088
5 17.295367
5 17.328579
5 17.315580
5 17.323156
5 17.326064
5 17.319412
5 17.316413
5 17.335660
5 17.301886
5 17.312579
5 17.304551
5 17.280451
5 17.285781
5 17.304394
5 17.341710
5 17.305019
5 17.345513
5 17.314324
5 17.322674
5 17.310164
5 17.340577
5 17.311511
5 17.320289
5 17.310092
5 17.299111
5 17.308266
5 17.359024
5 17.317952
5 17.333306
5 17.309179
5 17.296703
5 17.345219
5 17.318156
5 17.311051
5 17.327713
5 17.344114
5 17.331747
5 17.337981
5 17.288400
5 17.326127
5 17.353003
5 17.293827
5 17.279253
5 17.309406
5 17.367352
5 17.354685
5 17.305773
5 17.302656
5 17.310819
5 17.314479
5 17.295963
5 17.325057
