6 20.861788
6 20.856520
6 20.850366
6 20.856303
6 20.839332
6 20.844570
6 20.838695
6 20.835775
6 20.844991
6 20.866596
6 20.861400
6 20.852275
6 20.848816
6 20.839190
6 20.851059
6 20.850461
6 20.842632
6 20.844117
6 20.843735
6 20.848061
6 20.855986
6 20.873375
6 20.881595
6 20.876687
6 20.867112
6 20.863096
6 20.838141
6 20.867129
6 20.831578
6 20.843509
6 20.823874
6 20.855266
6 20.877979
6 20.867597
6 20.855454
6 20.846774
6 20.884608
6 20.879852
6 20.801623
6 20.843384
6 20.874625
6 20.837241
6 20.867173
6 20.235385
6 20.872590
6 20.870306
6 20.842581
6 20.855672
6 20.880918
6 20.262595
6 20.368187
6 20.852994
6 20.848823
6 20.877833
6 20.825854
6 20.848989
6 20.838658
6 20.801691
6 20.845222
6 20.839883
6 20.826236
6 20.856545
6 20.413232
6 20.828532
6 20.870795
6 20.842594
6 20.842256
6 20.864125
6 20.865363
6 20.863159
6 20.820375
6 20.849057
6 20.844738
6 20.841804
6 20.888693
6 20.793929
6 20.829936
6 20.879697
6 20.855444
6 20.844012
6 20.839691
6 20.859995
6 20.830157
6 20.828092
6 20.863806
6 20.842505
6 20.813512
6 20.852592
6 20.888021
6 20.859815
6 20.855000
6 20.829231
6 20.832741
6 20.876215
6 20.768544
6 20.821929
6 20.868312
6 20.862074
6 20.835629
6 20.883713
