7 24.225555
7 24.199806
7 24.197026
7 23.790732
7 24.227542
7 24.239489
7 24.203056
7 24.219480
7 24.254419
7 24.243323
7 24.245369
7 24.168159
7 24.245514
7 23.721066
7 24.248391
7 23.919653
7 23.913149
7 24.186468
7 24.197565
7 23.929335
7 24.223700
7 24.216658
7 24.228476
7 24.216314
7 24.243222
7 24.227643
7 24.121809
7 23.729205
7 24.237046
7 23.884488
7 24.207166
7 24.229207
7 24.246959
7 24.156394
7 24.194373
7 23.858471
7 24.209472
7 23.695162
7 23.601146
7 24.220062
7 24.219808
7 23.783591
7 24.174856
7 24.199645
7 24.209033
7 23.678439
7 24.189589
7 24.200722
7 24.200011
7 24.218571
7 24.216242
7 23.944395
7 24.235846
7 24.193262
7 24.218114
7 24.141991
7 23.697790
7 23.621608
7 24.201465
7 24.236897
7 23.603233
7 24.223891
7 24.235414
7 24.229007
7 24.207398
7 23.583618
7 23.886304
7 24.199225
7 24.205718
7 24.203624
7 24.213377
7 24.213046
7 24.172591
7 24.220807
7 24.187749
7 24.221456
7 24.192905
7 24.192847
7 23.747194
7 24.208489
7 24.211551
7 23.619937
7 24.200455
7 24.213902
7 24.199064
7 23.552114
7 23.591204
7 24.199312
7 24.219038
7 24.248314
7 23.736741
7 24.212511
7 23.867254
7 23.521810
7 23.978991
7 24.213335
7 23.845532
7 24.193373
7 24.215198
7 23.853814
