8 27.797260
8 27.405179
8 27.777735
8 27.766847
8 27.766777
8 27.825675
8 27.378495
8 27.227946
8 27.719819
8 27.793513
8 27.781457
8 27.556610
8 27.162448
8 27.114234
8 27.100136
8 27.239914
8 27.777190
8 27.264364
8 27.822933
8 27.251942
8 27.209860
8 27.320727
8 27.781942
8 27.189841
8 27.161892
8 27.789433
8 27.813231
8 27.821653
8 27.159363
8 27.391760
8 27.364633
8 27.178163
8 27.200957
8 27.502470
8 27.070227
8 27.818477
8 27.415468
8 27.805167
8 27.298252
8 27.320923
8 27.259232
8 27.101140
8 27.269538
8 27.744756
8 27.113667
8 27.828248
8 27.837747
8 27.327608
8 27.807045
8 27.078351
8 27.102906
8 27.353236
8 27.819694
8 27.173570
8 27.829516
8 27.220530
8 27.825149
8 27.132380
8 27.308040
8 27.364095
8 27.771231
8 27.762020
8 27.190732
8 27.290297
8 27.828317
8 27.151005
8 27.154081
8 27.241948
8 27.793401
8 27.349552
8 27.529842
8 27.780292
8 27.807964
8 27.784092
8 27.807103
8 27.799897
8 27.345352
8 27.122497
8 27.087546
8 27.235736
8 27.811503
8 27.224547
8 27.098298
8 27.143519
8 27.188732
8 27.800781
8 27.821584
8 27.304198
8 27.198874
8 27.469978
8 27.813100
8 27.791944
8 27.246041
8 27.782959
8 27.816748
8 27.237612
8 27.796919
8 27.834308
8 27.446255
8 27.230445
