  3.5605
  3.5508
  3.5504
  3.5505
  3.5503
  3.5506
  3.5505
  3.5505
  3.5503
  3.5501
  3.5506
  3.5505
  3.5505
  3.5504
  3.5503
  3.5506
  3.5504
  3.5504
  3.5505
  3.5504
  3.5506
  3.5504
  3.5503
  3.5504
  3.5502
  3.5504
  3.5500
  3.5504
  3.5505
  3.5503
  3.5501
  3.5502
  3.5503
  3.5502
  3.5501
  3.5503
  3.5642
  3.5503
  3.5499
  3.5499
  3.5501
  3.5502
  3.5501
  3.5504
  3.5502
  3.5502
  3.5499
  3.5501
  3.5500
  3.5502
  3.5503
  3.5502
  3.5501
  3.5501
  3.5500
  3.5499
  3.5502
  3.5521
  3.5503
  3.5501
  3.5502
  3.5503
  3.5503
  3.5503
  3.5501
  3.5501
  3.5502
  3.5501
  3.5499
  3.5502
  3.5500
  3.5501
  3.5502
  3.5502
  3.5502
  3.5502
  3.5501
  3.5500
  3.5502
  3.5502
  3.5503
  3.5502
  3.5499
  3.5505
  3.5502
  3.5502
  3.5502
  3.5503
  3.5502
  3.5501
  3.5502
  3.5502
  3.5501
  3.5502
  3.5500
  3.5501
  3.5503
  3.5501
  3.5498
  3.5502
