3 10.214303
3 10.265880
3 10.243565
3 10.218111
3 10.246610
3 10.244514
3 10.246838
3 10.232184
3 10.211732
3 10.228909
3 10.227250
3 10.246499
3 10.221384
3 10.235004
3 10.247006
3 10.217148
3 10.239004
3 10.236323
3 10.237721
3 10.239300
3 10.287346
3 10.244066
3 10.236913
3 10.243006
3 10.213057
3 10.227122
3 10.228062
3 10.233964
3 10.265071
3 10.235635
3 10.222022
3 10.236681
3 10.237147
3 10.246987
3 10.192094
3 10.259317
3 10.254360
3 10.224192
3 10.180563
3 10.203687
3 10.258505
3 10.257779
3 10.228761
3 10.223114
3 10.239733
3 10.187361
3 10.235766
3 10.230147
3 10.263572
3 10.219324
3 10.222329
3 10.226143
3 10.243437
3 10.277489
3 10.230717
3 10.213526
3 10.244967
3 10.240944
3 10.218856
3 10.206890
3 10.262463
3 10.253720
3 10.235465
3 10.213754
3 10.235928
3 10.240916
3 10.255141
3 10.236699
3 10.245575
3 10.217469
3 10.225768
3 10.267216
3 10.233462
3 10.234750
3 10.236219
3 10.231097
3 10.211051
3 10.220510
3 10.242443
3 10.237534
3 10.240057
3 10.207964
3 10.249826
3 10.234063
3 10.248439
3 10.227539
3 10.211120
3 10.247585
3 10.262116
3 10.180141
3 10.241364
3 10.230277
3 10.229146
3 10.219467
3 10.224106
3 10.241918
3 10.227813
3 10.247556
3 10.228803
3 10.254205
