4 13.746848
4 13.739494
4 13.732914
4 13.748215
4 13.742924
4 13.748330
4 13.757956
4 13.726105
4 13.742150
4 13.737414
4 13.780795
4 13.773553
4 13.759484
4 13.735095
4 13.757134
4 13.726146
4 13.747893
4 13.756906
4 13.768250
4 13.751763
4 13.731283
4 13.765026
4 13.736881
4 13.748806
4 13.744212
4 13.753152
4 13.785235
4 13.743253
4 13.761268
4 13.767713
4 13.767118
4 13.747033
4 13.758442
4 13.743755
4 13.758764
4 13.749031
4 13.753134
4 13.744057
4 13.760681
4 13.762138
4 13.745904
4 13.741311
4 13.751536
4 13.755230
4 13.763418
4 13.750746
4 13.764298
4 13.735333
4 13.761818
4 13.720844
4 13.753613
4 13.759499
4 13.755121
4 13.759575
4 13.757599
4 13.758871
4 13.740259
4 13.752050
4 13.743274
4 13.752041
4 13.746995
4 13.760441
4 13.773778
4 13.746702
4 13.760631
4 13.749409
4 13.783637
4 13.757204
4 13.756490
4 13.775950
4 13.762190
4 13.782110
4 13.779683
4 13.743173
4 13.783295
4 13.753496
4 13.705398
4 13.734711
4 13.758322
4 13.747212
4 13.758015
4 13.767146
4 13.772757
4 13.705805
4 13.756636
4 13.749965
4 13.748568
4 13.737246
4 13.770889
4 13.747500
4 13.762888
4 13.736543
4 13.749692
4 13.750227
4 13.747075
4 13.753810
4 13.734676
4 13.747753
4 13.789039
4 13.749178
