1 2.936173
1 2.934119
1 2.940337
1 2.934897
1 2.943794
1 2.945211
1 2.932761
1 2.940793
1 2.938727
1 2.943083
1 2.997123
1 2.941439
1 2.936178
1 2.931641
1 2.986891
1 2.931568
1 2.922369
1 2.940727
1 2.932653
1 2.936302
1 2.943615
1 2.932217
1 2.929052
1 2.935963
1 2.941615
1 2.932555
1 2.942782
1 2.932396
1 2.938678
1 2.940465
1 2.935106
1 2.931506
1 2.936961
1 2.935899
1 2.932114
1 2.941227
1 2.930102
1 2.938238
1 2.938537
1 2.930918
1 2.930356
1 2.934255
1 2.936748
1 2.940079
1 2.940100
1 2.943422
1 2.989256
1 2.933460
1 2.937871
1 2.936782
1 2.933598
1 2.947587
1 2.939914
1 2.936242
1 2.987294
1 2.943312
1 2.944234
1 2.936421
1 2.941421
1 2.941333
1 2.943895
1 2.991439
1 2.931921
1 2.937218
1 2.934211
1 2.974598
1 2.941249
1 2.991299
1 2.986676
1 2.920332
1 2.935647
1 2.945228
1 2.940292
1 2.950637
1 2.945568
1 2.941963
1 2.945826
1 2.941332
1 2.936726
1 2.937391
1 2.925948
1 2.943102
1 2.941820
1 2.946949
1 2.990533
1 2.939861
1 2.987992
1 2.935576
1 2.925280
1 2.939150
1 2.946233
1 2.945233
1 2.944265
1 2.927200
1 2.943053
1 2.944125
1 2.942877
1 2.936134
1 2.948699
1 2.949147
