7 0.16636 85.83615
7 0.16773 85.40612
7 0.16555 87.05136
7 0.16682 85.01035
7 0.16580 84.87129
7 0.16570 85.32577
7 0.16553 87.18989
7 0.16507 85.37034
7 0.16528 85.89746
7 0.16536 85.73448
7 0.16668 83.95660
7 0.16658 84.54780
7 0.16601 84.07773
7 0.16602 84.51266
7 0.16665 85.53405
7 0.16537 84.59743
7 0.16622 84.46844
7 0.16654 85.57827
7 0.16873 83.59648
7 0.16660 84.60910
7 0.16678 84.47974
7 0.16644 86.35319
7 0.16655 86.62560
7 0.16592 84.16836
7 0.16850 85.18274
7 0.16541 86.95624
7 0.16687 85.10161
7 0.16559 86.49462
7 0.16608 84.15073
7 0.16663 85.98360
7 0.16648 85.77861
7 0.16756 83.90016
7 0.16844 83.46967
7 0.16667 83.66887
7 0.16658 84.00095
7 0.16815 84.05377
7 0.16611 84.72521
7 0.16540 85.25022
7 0.16714 84.66399
7 0.16528 87.08260
7 0.16897 82.55548
7 0.16600 85.23219
7 0.16705 86.36329
7 0.16534 85.52346
7 0.16747 85.61658
7 0.16551 85.29758
7 0.16768 83.07198
7 0.16542 85.34393
7 0.16602 84.27645
7 0.16761 84.05986
7 0.16852 83.47240
7 0.16549 87.16758
7 0.16690 85.33879
7 0.16942 83.42231
7 0.16743 85.65552
7 0.16529 85.90068
7 0.16518 87.12979
7 0.16515 86.00155
7 0.16611 85.52288
7 0.16595 85.85025
7 0.16847 84.10486
7 0.16532 86.99716
7 0.16655 86.57619
7 0.16660 84.89486
7 0.16715 84.88049
7 0.16886 84.59679
7 0.16635 85.78553
7 0.16646 84.63260
7 0.16567 86.63438
7 0.16774 85.19496
7 0.17199 81.60600
7 0.16538 84.22760
7 0.16525 85.05732
7 0.16556 86.16328
7 0.16555 86.46207
7 0.16740 84.62249
7 0.16651 85.82771
7 0.16616 85.67859
7 0.16701 83.68661
7 0.16619 86.19397
7 0.16576 86.10565
7 0.16551 85.03601
7 0.16658 84.12554
7 0.16680 85.91493
7 0.16586 87.12575
7 0.16842 85.24095
7 0.16651 85.96191
7 0.16661 83.88640
7 0.16991 82.68256
7 0.16559 84.59535
7 0.16681 84.11476
7 0.16653 86.50856
7 0.16590 85.88443
7 0.16724 83.62806
7 0.16528 85.39775
7 0.17089 82.51353
7 0.16655 85.42772
7 0.16826 84.91845
7 0.16518 86.68280
7 0.16538 86.93239
