8 0.14915 83.67605
8 0.15163 82.90816
8 0.14995 81.90207
8 0.15074 83.75773
8 0.14987 81.80076
8 0.14916 82.00920
8 0.15124 83.53729
8 0.14852 82.66173
8 0.14840 84.47853
8 0.14831 84.42864
8 0.15145 81.98493
8 0.15073 82.99215
8 0.14919 82.61535
8 0.15507 78.59545
8 0.14954 84.31670
8 0.14919 82.07911
8 0.14902 82.49086
8 0.15075 83.58418
8 0.14878 82.18722
8 0.15162 81.72983
8 0.15103 82.76154
8 0.15241 81.97528
8 0.15131 81.63001
8 0.14942 82.53808
8 0.14887 83.42957
8 0.14945 83.62357
8 0.15222 82.15628
8 0.15180 80.67236
8 0.14879 82.35643
8 0.15025 83.39531
8 0.15078 82.25868
8 0.15101 81.39683
8 0.15064 83.72443
8 0.14987 81.68304
8 0.15191 82.43922
8 0.15129 82.37351
8 0.15031 81.39964
8 0.14993 83.65429
8 0.14869 82.03161
8 0.15178 80.71791
8 0.14938 81.73158
8 0.15267 81.64572
8 0.14963 82.68047
8 0.15137 82.45443
8 0.15144 81.52969
8 0.14867 84.17852
8 0.15128 83.03084
8 0.15276 81.01099
8 0.15178 83.00076
8 0.15313 81.77330
8 0.14887 83.93777
8 0.14815 83.72602
8 0.14896 83.12292
8 0.14808 83.63641
8 0.15133 82.50330
8 0.14914 83.37667
8 0.15218 82.00014
8 0.15196 80.67564
8 0.14846 84.45544
8 0.15141 82.83144
8 0.15148 81.13084
8 0.14993 83.25145
8 0.14928 83.29013
8 0.15160 82.80666
8 0.14929 84.08281
8 0.15250 81.62086
8 0.14873 83.08127
8 0.15125 82.30139
8 0.14955 84.02268
8 0.15008 83.70096
8 0.15219 81.83273
8 0.14892 83.88276
8 0.14941 82.50009
8 0.15147 83.05119
8 0.15052 83.50834
8 0.15311 79.67982
8 0.14851 83.00535
8 0.15162 81.69135
8 0.14851 83.89934
8 0.15101 83.15168
8 0.15060 83.01620
8 0.15221 81.70252
8 0.14882 84.19626
8 0.14984 82.62651
8 0.14949 81.86497
8 0.14929 82.89065
8 0.15354 80.64159
8 0.15016 83.49090
8 0.14818 83.05014
8 0.14815 84.88792
8 0.15123 82.72890
8 0.15155 83.09001
8 0.15094 83.62028
8 0.15269 80.54909
8 0.14999 83.92314
8 0.15097 82.52200
8 0.15214 82.52771
8 0.15034 81.54357
8 0.14964 82.10157
8 0.15058 82.40098
