1 0.95944 99.74348
1 0.95974 101.00296
1 0.95738 100.09268
1 0.95989 99.76146
1 0.95823 99.97428
1 0.95940 99.77319
1 0.95872 99.96393
1 0.95875 101.05421
1 0.96064 99.61446
1 0.96007 100.11028
1 0.95932 99.80331
1 0.95886 99.94853
1 0.95958 99.83540
1 0.95898 99.89610
1 0.96006 99.64102
1 0.96048 99.67771
1 0.95982 99.83250
1 0.95895 100.25910
1 0.96014 99.77215
1 0.95823 99.85990
1 0.95946 99.82339
1 0.95850 99.84206
1 0.95929 99.78624
1 0.95861 99.94792
1 0.95794 100.04292
1 0.95948 99.80325
1 0.95895 99.80385
1 0.95894 99.89266
1 0.95920 99.89672
1 0.95962 99.78365
1 0.95952 99.80118
1 0.95964 99.75611
1 0.95927 101.39605
1 0.95946 99.80460
1 0.95835 99.87392
1 0.95934 99.84679
1 0.95916 99.80854
1 0.95927 100.01942
1 0.95924 99.84260
1 0.95975 101.32311
1 0.95890 100.46245
1 0.95958 99.81630
1 0.95944 99.83398
1 0.95955 99.77217
1 0.95980 99.76638
1 0.95813 99.88357
1 0.95898 99.97648
1 0.95880 100.37998
1 0.95923 99.85961
1 0.96023 99.68908
1 0.95987 99.79795
1 0.95903 99.80612
1 0.95858 99.78304
1 0.95790 100.01084
1 0.95968 99.82220
1 0.95869 99.91725
1 0.95941 99.74762
1 0.95829 101.33247
1 0.95806 99.93390
1 0.95895 99.94021
1 0.95904 100.57308
1 0.96012 99.72316
1 0.95957 100.91982
1 0.95833 99.82673
1 0.95977 99.70866
1 0.95844 101.32325
1 0.95971 99.77173
1 0.96013 99.74703
1 0.95797 99.95718
1 0.96012 99.77334
1 0.95920 99.78133
1 0.95945 99.67964
1 0.95909 99.88101
1 0.95880 99.82035
1 0.95878 99.99878
1 0.95892 99.85556
1 0.95840 99.81754
1 0.95948 99.76834
1 0.95837 99.87935
1 0.95870 101.23470
1 0.95927 99.78874
1 0.95911 99.92555
1 0.95872 99.81314
1 0.95893 99.85230
1 0.95883 99.84661
1 0.95972 99.74411
1 0.96077 99.68854
1 0.95931 99.80909
1 0.95960 99.70577
1 0.96041 99.68910
1 0.95820 99.81932
1 0.95884 100.35971
1 0.95861 99.78224
1 0.95840 100.26470
1 0.95972 99.72538
1 0.95828 99.97623
1 0.95958 99.73147
1 0.95937 99.84103
1 0.95943 99.80610
1 0.95908 99.88017
