6 0.18753 88.38915
6 0.18777 84.87846
6 0.19194 84.95476
6 0.18786 88.82078
6 0.18970 87.59366
6 0.18847 88.99733
6 0.18822 88.20835
6 0.19221 83.22635
6 0.19125 86.47975
6 0.18763 88.97872
6 0.18774 84.78307
6 0.18775 88.33210
6 0.18885 87.32530
6 0.18809 89.07998
6 0.18997 87.18801
6 0.18811 88.29035
6 0.18808 88.19113
6 0.18761 87.10031
6 0.18776 88.05481
6 0.18930 87.67839
6 0.19121 84.05953
6 0.18965 87.13922
6 0.19039 86.31987
6 0.19330 82.45256
6 0.18795 87.99786
6 0.19589 85.42442
6 0.18793 88.38897
6 0.18798 88.30093
6 0.18892 87.54740
6 0.18756 87.79911
6 0.19364 85.96967
6 0.18999 83.67495
6 0.19000 83.91939
6 0.19200 82.81841
6 0.18957 87.58523
6 0.18909 87.50923
6 0.19369 85.38930
6 0.18832 88.32582
6 0.18793 88.69811
6 0.18766 84.85407
6 0.18865 86.78669
6 0.19242 86.05645
6 0.18856 87.23345
6 0.18744 88.35309
6 0.18903 86.73375
6 0.19038 87.04931
6 0.19040 86.11188
6 0.18776 88.13171
6 0.18807 88.08384
6 0.19419 85.40427
6 0.18793 89.08756
6 0.19167 86.34012
6 0.19164 86.32269
6 0.18791 87.19166
6 0.18851 87.58119
6 0.19091 87.00385
6 0.18801 84.72282
6 0.18844 87.57454
6 0.18832 87.87505
6 0.19209 86.20809
6 0.18987 87.20517
6 0.18789 87.43896
6 0.18827 86.81009
6 0.18933 86.06764
6 0.19146 83.17833
6 0.18764 86.77897
6 0.19130 85.88522
6 0.18843 87.79855
6 0.19081 86.61754
6 0.18794 88.23952
6 0.18819 84.58391
6 0.19310 85.64681
6 0.19413 85.26818
6 0.18773 88.17761
6 0.18868 87.45437
6 0.18903 87.59089
6 0.19171 86.25326
6 0.18798 86.19179
6 0.18984 87.16637
6 0.18956 84.28038
6 0.18940 87.90811
6 0.18823 85.48323
6 0.18780 88.21547
6 0.18862 86.03114
6 0.19059 83.57808
6 0.19348 84.49920
6 0.19318 84.61949
6 0.18876 86.31883
6 0.19138 86.07912
6 0.19084 86.07429
6 0.18815 88.41015
6 0.18932 87.69617
6 0.19017 87.10445
6 0.18787 88.01372
6 0.19056 85.76214
6 0.18899 87.70174
6 0.18790 84.74623
6 0.19073 86.71201
6 0.18793 89.04527
6 0.19109 85.97538
