3 0.34222 96.78563
3 0.34242 95.50440
3 0.34251 95.70209
3 0.34277 97.16729
3 0.34221 95.41727
3 0.34248 98.10908
3 0.34328 95.08193
3 0.34256 95.02876
3 0.34271 96.79682
3 0.34253 97.93839
3 0.34293 97.95497
3 0.34262 96.75978
3 0.34240 95.74748
3 0.34468 96.50157
3 0.34222 97.08577
3 0.34295 97.53733
3 0.34297 95.08819
3 0.34273 98.15256
3 0.34310 95.41152
3 0.34266 95.07077
3 0.34245 98.27529
3 0.34235 95.04223
3 0.34291 97.93964
3 0.34262 97.84798
3 0.34243 98.36637
3 0.34291 96.99648
3 0.34214 96.19881
3 0.34255 96.08469
3 0.34266 96.74879
3 0.34288 95.36011
3 0.34288 95.45123
3 0.34327 96.67723
3 0.34226 95.47045
3 0.34267 97.83074
3 0.34262 95.18700
3 0.34353 94.95982
3 0.34221 96.72122
3 0.34232 96.95722
3 0.34281 95.98868
3 0.34279 96.71176
3 0.34249 96.17920
3 0.34293 95.93018
3 0.34252 97.92593
3 0.34261 96.10475
3 0.34280 98.03635
3 0.34244 97.27351
3 0.34242 96.26372
3 0.34287 96.95137
3 0.34483 95.94173
3 0.34312 98.04171
3 0.34281 97.26252
3 0.34310 95.63272
3 0.34224 97.17511
3 0.34217 95.43734
3 0.34264 96.35819
3 0.34263 97.10306
3 0.34291 97.10553
3 0.34218 98.00017
3 0.34250 98.21973
3 0.34293 96.19759
3 0.34291 96.54353
3 0.34262 98.10373
3 0.34248 96.39491
3 0.34292 95.35829
3 0.34249 97.74905
3 0.34295 97.31166
3 0.34247 97.48206
3 0.34451 94.91971
3 0.34261 95.31959
3 0.34303 97.69883
3 0.34252 95.47008
3 0.34271 97.44035
3 0.34269 96.29491
3 0.34241 97.85698
3 0.34241 96.38064
3 0.34267 96.96471
3 0.34201 96.37966
3 0.34274 97.09633
3 0.34273 96.79643
3 0.34307 95.48174
3 0.34273 95.93554
3 0.34291 96.54973
3 0.34270 96.63762
3 0.34334 95.75771
3 0.34281 96.07972
3 0.34314 94.97218
3 0.34263 96.55354
3 0.34252 97.87699
3 0.34223 98.38449
3 0.34257 96.02309
3 0.34307 97.70906
3 0.34348 95.72117
3 0.34270 96.68615
3 0.34265 97.04782
3 0.34274 96.60816
3 0.34277 95.25612
3 0.34284 97.34454
3 0.34301 97.08871
3 0.34247 97.35869
3 0.34249 96.78848
