5 0.21517 87.40955
5 0.21552 89.13904
5 0.21534 89.48503
5 0.21644 87.02815
5 0.21471 90.28109
5 0.21469 90.38915
5 0.21475 91.24124
5 0.21525 88.03892
5 0.21976 87.18731
5 0.21449 90.69516
5 0.21483 90.77503
5 0.21744 87.79863
5 0.21493 89.67198
5 0.21750 86.63264
5 0.21870 86.66441
5 0.21474 90.60972
5 0.21497 87.69270
5 0.21593 88.70425
5 0.21507 90.48742
5 0.21484 90.09633
5 0.21856 86.51361
5 0.21519 87.62290
5 0.21520 87.52192
5 0.21792 89.73534
5 0.21710 88.73542
5 0.21529 91.10789
5 0.21523 90.98866
5 0.21644 87.70251
5 0.22101 86.97441
5 0.21556 87.57590
5 0.22244 87.64174
5 0.21521 91.70976
5 0.21522 87.56486
5 0.21512 89.27761
5 0.21520 90.41040
5 0.21505 87.63454
5 0.21559 90.65063
5 0.21531 88.28021
5 0.21533 90.92589
5 0.21552 90.87047
5 0.21628 87.32885
5 0.21490 87.81665
5 0.21521 87.52048
5 0.21655 86.90062
5 0.21630 88.55520
5 0.21492 89.37212
5 0.21599 90.33012
5 0.21462 87.75591
5 0.21479 87.61154
5 0.21485 90.42517
5 0.21459 87.85309
5 0.21425 90.98449
5 0.21640 87.18328
5 0.21484 89.29232
5 0.21594 90.85976
5 0.21519 87.60220
5 0.21484 89.86592
5 0.21825 88.92750
5 0.21572 89.23598
5 0.21649 87.66338
5 0.21555 87.40118
5 0.21558 87.27804
5 0.21562 87.82412
5 0.21480 91.23820
5 0.21521 88.41491
5 0.21593 90.78317
5 0.21580 90.74258
5 0.21538 87.70287
5 0.21783 88.73371
5 0.21421 90.13052
5 0.21733 88.83217
5 0.21512 89.91528
5 0.21532 89.10239
5 0.21597 87.22181
5 0.21660 88.83376
5 0.21754 88.25831
5 0.21477 87.72777
5 0.21509 91.14422
5 0.21482 87.71601
5 0.21517 91.75993
5 0.21896 86.04015
5 0.21542 89.44695
5 0.21463 89.38966
5 0.21596 87.50544
5 0.21563 91.71583
5 0.21508 90.00232
5 0.21586 87.33093
5 0.21476 87.92166
5 0.21748 86.68965
5 0.21709 88.63667
5 0.21540 87.56339
5 0.21751 88.86106
5 0.21512 89.98298
5 0.21512 90.06273
5 0.21564 87.41024
5 0.21550 89.55336
5 0.21532 87.52211
5 0.21541 87.54993
5 0.21439 87.85127
5 0.21627 89.47773
