4 0.98018 98.12596
4 0.98396 96.86818
4 0.98124 97.60412
4 0.97891 97.82957
4 0.98000 97.78587
4 0.98262 97.47165
4 0.98003 98.02103
4 0.98405 96.78775
4 0.98076 97.32478
4 0.97947 97.72045
4 0.97909 98.06854
4 0.98190 97.75750
4 0.98008 97.81342
4 0.97884 97.52324
4 0.97981 97.93141
4 0.98494 96.93175
4 0.97943 97.85446
4 0.97959 97.92628
4 0.97945 98.05387
4 0.97997 97.69293
4 0.98209 97.41227
4 0.97923 97.83567
4 0.97963 97.46501
4 0.98284 96.93707
4 0.98043 97.32701
4 0.98188 97.56553
4 0.97906 97.24428
4 0.98292 97.28730
4 0.97913 98.05432
4 0.98275 96.95853
4 0.98011 97.72018
4 0.98577 97.48942
4 0.97953 97.02448
4 0.98065 97.60210
4 0.97966 98.10143
4 0.97957 97.24684
4 0.98039 97.85285
4 0.97873 98.03319
4 0.97865 97.47049
4 0.97954 97.87280
4 0.97841 97.79880
4 0.98240 97.11278
4 0.98248 97.02680
4 0.98307 96.83062
4 0.98073 97.72607
4 0.98293 97.81890
4 0.97960 97.23269
4 0.97942 98.15553
4 0.97964 98.17500
4 0.98017 97.90381
4 0.97998 97.99654
4 0.97935 97.57523
4 0.98297 97.75654
4 0.98062 97.07021
4 0.98538 97.07767
4 0.98040 97.40097
4 0.97907 98.17694
4 0.97896 97.95329
4 0.98418 97.65816
4 0.97990 98.07029
4 0.98363 97.64171
4 0.98139 97.48549
4 0.97954 97.68382
4 0.97913 97.70341
4 0.97979 97.95079
4 0.97937 97.83995
4 0.97948 98.01361
4 0.97958 97.42971
4 0.97999 97.73553
4 0.97972 97.38752
4 0.97950 97.71585
4 0.97987 97.30903
4 0.98042 97.21713
4 0.98262 97.76626
4 0.97991 97.95261
4 0.98113 97.87138
4 0.98098 97.62274
4 0.97954 98.16553
4 0.97941 97.86502
4 0.97883 97.72337
4 0.98089 97.94022
4 0.98018 97.23884
4 0.98149 97.42543
4 0.97925 97.84180
4 0.98001 97.25359
4 0.97932 97.23862
4 0.97952 97.64143
4 0.97967 97.18893
4 0.97928 98.13666
4 0.98178 97.14204
4 0.97945 97.62139
4 0.98009 98.18114
4 0.98124 97.43122
4 0.97958 97.77850
4 0.97895 97.48615
4 0.98591 97.19785
4 0.98018 97.20102
4 0.98012 96.88819
4 0.98102 97.82939
4 0.98050 97.94878
