5 0.77026 97.27485
5 0.77486 96.39815
5 0.78138 96.10930
5 0.77584 96.42680
5 0.77640 95.68614
5 0.77561 96.42548
5 0.77421 96.67535
5 0.77629 96.56992
5 0.77611 96.64016
5 0.77104 97.34540
5 0.77764 95.52544
5 0.77494 95.86020
5 0.77639 96.13713
5 0.77853 96.22052
5 0.77767 96.39782
5 0.77766 96.53314
5 0.77555 96.24450
5 0.77596 96.65008
5 0.77641 96.60087
5 0.77107 96.83570
5 0.77248 97.11355
5 0.77402 96.70705
5 0.77379 96.65438
5 0.77570 96.70731
5 0.77490 96.33888
5 0.76916 97.61351
5 0.77024 96.96526
5 0.77715 96.38914
5 0.77769 95.90324
5 0.77315 96.73146
5 0.77583 96.41227
5 0.77420 96.81351
5 0.77203 97.17560
5 0.77228 97.03264
5 0.78048 96.31976
5 0.77804 96.03473
5 0.77075 97.43922
5 0.77450 96.01090
5 0.77866 95.43190
5 0.77536 96.71642
5 0.77469 96.35230
5 0.77546 97.00967
5 0.77214 96.29559
5 0.77790 96.00221
5 0.77008 97.45183
5 0.77418 96.91338
5 0.77527 96.31566
5 0.77497 96.58935
5 0.77431 96.43987
5 0.77560 96.65151
5 0.77673 96.42044
5 0.77415 96.52210
5 0.77289 97.23647
5 0.77059 96.83643
5 0.77527 96.40404
5 0.77411 96.69225
5 0.77492 95.88104
5 0.77675 96.44619
5 0.77592 96.85073
5 0.77712 96.71401
5 0.77991 95.61548
5 0.77897 95.83884
5 0.77692 96.12139
5 0.77569 96.40641
5 0.77795 96.43977
5 0.76985 97.58600
5 0.77686 96.11123
5 0.77073 97.05010
5 0.77159 97.52400
5 0.77765 96.09710
5 0.77143 97.05153
5 0.77039 97.20576
5 0.77156 97.22416
5 0.77382 97.08629
5 0.77295 97.20554
5 0.77125 97.41860
5 0.77192 97.31511
5 0.77524 96.39253
5 0.77092 97.40261
5 0.77304 97.20256
5 0.77285 96.17703
5 0.78285 95.39007
5 0.77619 96.79623
5 0.77391 96.55800
5 0.77588 96.14692
5 0.77673 96.11042
5 0.77129 97.61264
5 0.77901 96.15416
5 0.77370 96.53862
5 0.77410 96.45907
5 0.77394 96.50701
5 0.77312 96.79336
5 0.77503 96.82042
5 0.77128 97.18755
5 0.77542 96.55016
5 0.77515 96.56298
5 0.78037 96.29184
5 0.77129 97.33897
5 0.77505 96.85640
5 0.77747 96.57371
