1 3.80641 100.10405
1 3.80566 100.12152
1 3.80708 100.06722
1 3.80616 100.10301
1 3.80618 100.10455
1 3.80542 100.11915
1 3.80702 100.07817
1 3.80525 100.12651
1 3.80591 100.10918
1 3.80711 100.65263
1 3.80574 100.10126
1 3.80566 100.11747
1 3.80666 100.11931
1 3.80525 100.13758
1 3.80519 100.12537
1 3.80544 100.11386
1 3.80526 101.16058
1 3.80609 100.10139
1 3.80567 100.11123
1 3.80587 100.10183
1 3.80461 100.15588
1 3.80566 100.11031
1 3.80505 100.11101
1 3.80560 100.11184
1 3.80660 100.09225
1 3.80578 100.12173
1 3.80601 100.11137
1 3.80412 100.14941
1 3.80534 100.11560
1 3.80483 100.12364
1 3.80595 100.11997
1 3.80628 100.09357
1 3.80669 100.07684
1 3.80710 100.09584
1 3.80559 100.14428
1 3.80617 100.11616
1 3.80672 100.08810
1 3.80525 100.11911
1 3.80522 100.13392
1 3.80758 100.07439
1 3.80717 100.08162
1 3.80649 100.11321
1 3.80600 100.13564
1 3.80683 100.09297
1 3.80713 100.08171
1 3.80721 100.09921
1 3.80603 100.13306
1 3.80473 100.15634
1 3.80521 100.13866
1 3.80710 100.09836
1 3.80663 100.10347
1 3.80709 100.11832
1 3.80606 100.14144
1 3.80649 100.10278
1 3.80656 100.10962
1 3.80701 100.10189
1 3.80438 100.15543
1 3.80676 100.11596
1 3.80692 100.78598
1 3.80737 100.10541
1 3.80680 100.10689
1 3.80729 100.10529
1 3.80536 100.12202
1 3.80462 100.15224
1 3.80494 100.12785
1 3.80626 100.08847
1 3.80646 100.08757
1 3.80520 100.11497
1 3.80654 100.10433
1 3.80596 100.13069
1 3.80686 100.08015
1 3.80547 100.12549
1 3.80690 100.08835
1 3.80722 100.08617
1 3.80683 100.09684
1 3.80698 100.07860
1 3.80626 100.11483
1 3.80660 100.83647
1 3.80696 100.09483
1 3.80770 100.12261
1 3.80656 100.09456
1 3.80753 100.09666
1 3.80695 100.09434
1 3.80684 100.11409
1 3.80631 100.12562
1 3.80679 100.09211
1 3.80657 100.10545
1 3.80599 100.12284
1 3.80574 100.10278
1 3.80562 100.12401
1 3.80496 100.12782
1 3.80525 100.12800
1 3.80648 100.08238
1 3.80600 100.12223
1 3.80604 100.12277
1 3.80656 100.10719
1 3.80632 100.10758
1 3.80556 100.12159
1 3.80617 100.12916
1 3.80590 100.13259
