2 1.92005 99.37969
2 1.91997 99.27756
2 1.92210 99.74128
2 1.92206 99.49788
2 1.91954 99.87033
2 1.91973 98.87941
2 1.91960 99.80895
2 1.91954 99.67421
2 1.91932 99.15415
2 1.91965 99.72224
2 1.91935 99.46427
2 1.91989 99.86209
2 1.91926 99.92492
2 1.91907 99.83864
2 1.91900 99.85499
2 1.91961 99.78782
2 1.91916 99.95878
2 1.91904 99.72981
2 1.91909 99.63722
2 1.91944 98.85103
2 1.91944 99.38943
2 1.92006 98.83526
2 1.91984 99.64130
2 1.91929 99.56381
2 1.92024 98.75900
2 1.92011 99.77206
2 1.92013 99.77406
2 1.92008 98.96927
2 1.91892 99.82090
2 1.92043 99.24659
2 1.92131 99.38959
2 1.91969 99.60705
2 1.91973 99.80337
2 1.92115 98.82101
2 1.92016 99.48342
2 1.92218 99.62642
2 1.91961 99.76440
2 1.91964 99.68904
2 1.91920 99.67466
2 1.91950 98.84083
2 1.91967 99.68786
2 1.91977 99.34344
2 1.91927 99.20144
2 1.91904 98.87805
2 1.91920 99.62612
2 1.91994 98.83185
2 1.92143 98.70441
2 1.92126 98.97518
2 1.91895 99.53240
2 1.91936 98.90111
2 1.91868 99.92771
2 1.91906 100.14311
2 1.91911 100.16150
2 1.91874 99.82249
2 1.91975 98.83008
2 1.91882 99.85582
2 1.91976 98.86613
2 1.91945 99.81139
2 1.91950 99.71050
2 1.91924 99.54259
2 1.91966 99.60902
2 1.92012 99.81360
2 1.91949 98.93089
2 1.91900 100.17566
2 1.91946 99.79636
2 1.91983 99.77040
2 1.91976 99.79293
2 1.92034 98.87202
2 1.91992 99.27729
2 1.91992 99.47590
2 1.91990 99.61083
2 1.92026 99.97547
2 1.92042 99.77796
2 1.91992 99.66365
2 1.92101 99.79148
2 1.92022 99.77393
2 1.92023 99.38089
2 1.92343 98.67127
2 1.91979 99.58846
2 1.91999 99.04715
2 1.92216 99.69417
2 1.91985 99.80250
2 1.92029 99.76966
2 1.92042 99.76715
2 1.91909 100.12564
2 1.91873 99.86190
2 1.91980 99.55784
2 1.91937 98.85347
2 1.91934 99.61606
2 1.91914 99.56954
2 1.92213 99.03737
2 1.91967 99.80176
2 1.91863 99.90102
2 1.91902 99.85939
2 1.91866 98.88720
2 1.91957 99.92526
2 1.91968 99.37740
2 1.91920 99.83280
2 1.91946 99.17098
2 1.91914 98.91941
