6 0.66737 95.85934
6 0.66408 96.44621
6 0.67001 95.52304
6 0.66732 95.86335
6 0.66588 96.28227
6 0.66718 96.10279
6 0.66746 95.95629
6 0.66480 95.67295
6 0.66587 96.00389
6 0.66719 95.60027
6 0.66838 95.97933
6 0.66630 96.21756
6 0.66727 95.73123
6 0.66378 96.09343
6 0.66513 96.30184
6 0.68088 93.51442
6 0.66680 95.78930
6 0.66330 96.67493
6 0.66734 95.27377
6 0.66488 95.95980
6 0.66876 95.28661
6 0.66843 95.69674
6 0.66580 95.62531
6 0.66493 96.39655
6 0.66447 95.92829
6 0.66999 95.15738
6 0.66864 95.17969
6 0.66702 95.96610
6 0.67335 94.88837
6 0.66385 96.58672
6 0.66465 95.96262
6 0.66633 95.65119
6 0.67536 94.79836
6 0.66839 95.98918
6 0.67295 94.75385
6 0.66894 95.53372
6 0.66623 96.18163
6 0.66744 95.43342
6 0.66669 95.56023
6 0.67047 95.66921
6 0.66916 95.50542
6 0.66423 96.58294
6 0.66968 95.58001
6 0.66650 96.19544
6 0.66906 95.48091
6 0.66531 95.87365
6 0.66727 95.80932
6 0.66808 95.56211
6 0.66655 96.20770
6 0.66646 95.59010
6 0.67030 95.03036
6 0.66971 95.34698
6 0.66590 95.63553
6 0.66793 96.03543
6 0.66474 95.82119
6 0.66997 95.66265
6 0.66912 95.75318
6 0.66847 95.32713
6 0.66658 95.91814
6 0.66731 96.12670
6 0.66681 95.51142
6 0.66662 96.05225
6 0.66908 95.12547
6 0.66944 95.36889
6 0.66725 95.78758
6 0.66660 95.73551
6 0.66581 96.08266
6 0.66597 95.70257
6 0.66847 95.68384
6 0.66909 95.20458
6 0.66927 95.17833
6 0.66670 95.49276
6 0.66567 95.72464
6 0.66474 96.27026
6 0.66561 96.15215
6 0.66871 95.52719
6 0.66785 95.83842
6 0.66469 95.95988
6 0.67140 95.23323
6 0.66502 96.49592
6 0.66578 96.07306
6 0.66619 95.86177
6 0.66606 95.90737
6 0.66875 95.92839
6 0.66933 95.56257
6 0.66348 96.57968
6 0.66591 95.97917
6 0.66862 95.32608
6 0.67073 95.10975
6 0.66990 95.25610
6 0.66502 96.20291
6 0.66653 96.15649
6 0.66727 95.38879
6 0.66603 95.90913
6 0.66364 96.54131
6 0.67228 95.34585
6 0.66501 96.14346
6 0.66458 96.45085
6 0.66736 95.75607
6 0.66469 95.79561
