3 1.29607 98.77813
3 1.29604 98.95965
3 1.29602 98.78015
3 1.29493 98.84955
3 1.29561 99.08725
3 1.29554 98.36909
3 1.29572 99.08994
3 1.29644 98.91255
3 1.29611 98.76022
3 1.29577 99.05084
3 1.29602 98.94520
3 1.29645 99.07579
3 1.29654 98.41038
3 1.29611 98.76764
3 1.29572 98.64978
3 1.29610 98.76249
3 1.29786 98.80970
3 1.29563 98.91407
3 1.29613 98.48759
3 1.29583 98.57441
3 1.29605 98.62185
3 1.29630 98.68967
3 1.29493 98.81731
3 1.29512 98.60554
3 1.29543 98.85795
3 1.29608 98.66144
3 1.29603 99.06635
3 1.29556 98.57359
3 1.29579 99.13086
3 1.29602 98.90957
3 1.29521 98.79619
3 1.29627 98.38801
3 1.29623 98.91376
3 1.29550 99.11001
3 1.29617 98.71361
3 1.29583 98.52194
3 1.29604 98.99562
3 1.29560 98.64159
3 1.29600 98.46611
3 1.29573 98.64278
3 1.29594 98.46010
3 1.29632 98.64221
3 1.29588 99.01359
3 1.29529 98.84131
3 1.29637 98.50078
3 1.29626 98.92133
3 1.29537 98.56112
3 1.29600 98.99095
3 1.29586 99.11019
3 1.29591 99.04405
3 1.29604 98.62634
3 1.29599 98.51087
3 1.29601 98.59213
3 1.29611 98.86569
3 1.29609 99.01217
3 1.29530 98.42223
3 1.29635 98.57591
3 1.29527 98.72110
3 1.29530 98.84445
3 1.29558 98.77879
3 1.29612 98.96899
3 1.29597 98.79134
3 1.29633 98.81172
3 1.29543 98.43014
3 1.29572 99.09954
3 1.29561 98.47303
3 1.29588 98.39826
3 1.29648 98.32506
3 1.29661 99.05945
3 1.29608 98.82961
3 1.29594 99.06531
3 1.29619 98.29099
3 1.29575 98.92837
3 1.29550 98.36716
3 1.29567 98.72866
3 1.29611 98.34666
3 1.29602 98.34780
3 1.29598 98.42943
3 1.29586 99.15742
3 1.29566 98.78641
3 1.29614 98.40440
3 1.29548 99.21623
3 1.29488 98.68921
3 1.29526 98.89267
3 1.29561 98.54766
3 1.29637 98.49904
3 1.29601 98.46100
3 1.29616 98.94481
3 1.29672 98.69278
3 1.29535 98.42029
3 1.29637 98.48170
3 1.29553 98.62109
3 1.29592 98.61054
3 1.29544 98.42220
3 1.29498 98.72440
3 1.29669 98.42372
3 1.29708 98.64177
3 1.29535 98.58142
3 1.29565 98.47107
3 1.29563 98.57705
