7 0.03901 36.55703
7 0.03870 36.64264
7 0.03887 34.77266
7 0.03729 35.91068
7 0.03785 34.91084
7 0.03840 35.43355
7 0.03824 34.26957
7 0.03804 34.96575
7 0.03929 34.57510
7 0.03784 35.58026
7 0.03815 36.65517
7 0.03871 34.41163
7 0.03884 34.58433
7 0.03784 34.91587
7 0.03744 36.65400
7 0.03834 34.19343
7 0.03909 34.07776
7 0.03775 35.43764
7 0.03798 35.83302
7 0.03901 35.76403
7 0.03806 37.24425
7 0.03720 35.45397
7 0.03732 37.59355
7 0.03805 36.48255
7 0.03754 35.89269
7 0.03775 35.78964
7 0.03735 35.92843
7 0.03912 34.12187
7 0.03761 36.93462
7 0.03875 35.16678
7 0.03887 36.60038
7 0.03831 33.99181
7 0.03787 35.56701
7 0.03856 34.42842
7 0.03740 37.06215
7 0.03764 35.94465
7 0.03745 37.46880
7 0.03910 34.06816
7 0.03814 36.85666
7 0.03927 33.63020
7 0.03827 35.89884
7 0.03800 36.91949
7 0.03733 35.91992
7 0.03813 35.10824
7 0.03784 34.87345
7 0.03769 35.20545
7 0.03906 34.27247
7 0.03694 36.09589
7 0.03806 35.72412
7 0.03726 35.54776
7 0.03808 34.49762
7 0.03911 34.23540
7 0.03729 35.56637
7 0.03695 35.67640
7 0.03771 35.68214
7 0.03763 36.79284
7 0.03981 34.48922
7 0.03808 35.41028
7 0.03814 34.91143
7 0.03893 35.14050
7 0.04006 34.62941
7 0.03808 37.04514
7 0.03788 35.33698
7 0.04045 32.78063
7 0.03838 34.13709
7 0.03753 35.94778
7 0.04076 32.81726
7 0.03799 35.62043
7 0.03888 35.75797
7 0.03742 37.13968
7 0.03802 35.38550
7 0.03741 36.44269
7 0.03774 34.93614
7 0.03912 34.73759
7 0.03891 34.66503
7 0.03850 34.80044
7 0.03682 36.30298
7 0.03962 34.54991
7 0.03889 35.76297
7 0.03782 35.58004
7 0.03810 35.12033
7 0.03761 34.98166
7 0.03804 34.77738
7 0.03730 35.39512
7 0.03868 34.17805
7 0.03742 37.34400
7 0.03877 34.26482
7 0.03850 34.78233
7 0.03914 34.24254
7 0.03849 34.38598
7 0.04058 32.21832
7 0.03933 34.14999
7 0.03838 35.92273
7 0.03712 37.44968
7 0.03783 34.93370
7 0.03885 34.24826
7 0.03762 34.89158
7 0.03790 36.07276
7 0.03780 34.98147
7 0.03891 36.05549
