6 0.03887 40.34851
6 0.03881 34.85663
6 0.03896 39.54776
6 0.03880 34.21773
6 0.03967 37.69844
6 0.03765 34.86668
6 0.03780 35.19478
6 0.04033 40.63624
6 0.03965 40.47893
6 0.03975 38.74220
6 0.04300 34.40444
6 0.04068 34.76157
6 0.03874 36.91223
6 0.03814 34.93523
6 0.03898 37.82996
6 0.03995 37.42503
6 0.03878 40.87192
6 0.04344 35.79008
6 0.03899 34.48273
6 0.03854 34.37212
6 0.03757 34.99171
6 0.03834 34.58480
6 0.03919 39.12754
6 0.03994 34.73232
6 0.03866 34.82885
6 0.04121 32.25610
6 0.03981 39.10805
6 0.03937 38.75915
6 0.03756 34.91090
6 0.03901 34.23726
6 0.03978 33.78951
6 0.03722 37.54891
6 0.04343 30.52451
6 0.03762 35.25744
6 0.03752 35.36725
6 0.03801 41.14681
6 0.03847 34.66138
6 0.03770 39.61430
6 0.03957 36.30661
6 0.04059 38.55306
6 0.03931 40.03403
6 0.03922 34.20593
6 0.04010 40.42338
6 0.03753 41.94774
6 0.03843 38.92606
6 0.03891 38.17844
6 0.04013 33.01337
6 0.03946 39.05387
6 0.04028 38.99348
6 0.03940 33.48529
6 0.03785 35.37884
6 0.03876 34.33084
6 0.03853 35.74517
6 0.03876 39.31874
6 0.03827 40.88852
6 0.03794 40.59509
6 0.03853 34.05826
6 0.03745 41.30364
6 0.03757 37.94826
6 0.03920 33.66806
6 0.03814 38.21472
6 0.04008 32.64315
6 0.04069 32.76857
6 0.04062 33.09512
6 0.03921 33.85851
6 0.03937 33.37761
6 0.04043 33.52039
6 0.04041 33.41059
6 0.03591 41.71221
6 0.03707 39.91268
6 0.04062 38.34835
6 0.03824 38.50030
6 0.03849 42.87663
6 0.04029 33.15982
6 0.04128 32.02850
6 0.04007 32.90556
6 0.03985 33.45395
6 0.04068 32.40535
6 0.04176 31.96990
6 0.03947 39.04184
6 0.03992 33.13066
6 0.03684 42.22501
6 0.04116 31.80511
6 0.03642 41.62653
6 0.03878 34.59415
6 0.03782 41.53414
6 0.04019 33.75169
6 0.03946 33.87047
6 0.03923 39.95723
6 0.04031 33.80724
6 0.04049 32.96039
6 0.03808 35.57029
6 0.03857 39.14495
6 0.03948 39.35026
6 0.04055 32.85260
6 0.03852 35.22806
6 0.03713 40.90073
6 0.03737 36.57346
6 0.03886 34.25707
6 0.03875 35.69079
