4 0.04387 53.95695
4 0.04345 50.60818
4 0.04392 51.92135
4 0.04369 54.68296
4 0.04313 51.64541
4 0.04336 50.33080
4 0.04277 53.10714
4 0.04315 49.81366
4 0.04312 50.21441
4 0.04279 56.76500
4 0.04283 50.05008
4 0.04364 49.62075
4 0.04340 50.76395
4 0.04313 49.87690
4 0.04315 50.07751
4 0.04290 51.40150
4 0.04285 52.47231
4 0.04383 51.96749
4 0.04381 55.58793
4 0.04419 54.37072
4 0.04377 47.31573
4 0.04384 52.64114
4 0.04309 55.47840
4 0.04367 52.90040
4 0.04338 52.09404
4 0.04300 49.13055
4 0.04391 51.28612
4 0.04329 55.39767
4 0.04257 54.11629
4 0.04390 51.37134
4 0.04347 55.08822
4 0.04416 52.45126
4 0.04360 53.33960
4 0.04429 53.92196
4 0.04495 51.60736
4 0.04322 53.72836
4 0.04396 53.62899
4 0.04312 52.78213
4 0.04373 49.52971
4 0.04364 50.71143
4 0.04333 49.74471
4 0.04413 55.35091
4 0.04331 54.43230
4 0.04268 56.02664
4 0.04299 53.13479
4 0.04435 51.77377
4 0.04408 53.84882
4 0.04307 52.05628
4 0.04396 52.13231
4 0.04198 47.31985
4 0.04371 51.47512
4 0.04468 51.86530
4 0.04290 49.60035
4 0.04265 50.20222
4 0.04342 55.91568
4 0.04352 55.89715
4 0.04249 50.05788
4 0.04412 53.28154
4 0.04331 52.84662
4 0.04420 54.52026
4 0.04326 49.86717
4 0.04282 55.08617
4 0.04308 56.88114
4 0.04265 51.86210
4 0.04363 56.14922
4 0.04159 48.62123
4 0.04313 49.80221
4 0.04293 51.58299
4 0.04469 53.99459
4 0.04287 52.37841
4 0.04494 52.34812
4 0.04253 51.57448
4 0.04390 54.77572
4 0.04242 49.72115
4 0.04367 55.73347
4 0.04368 55.51436
4 0.04329 52.35088
4 0.04380 50.42647
4 0.04403 54.27613
4 0.04336 55.31764
4 0.04431 51.95712
4 0.04419 54.11749
4 0.04323 50.70676
4 0.04241 52.04146
4 0.04456 49.31161
4 0.04308 49.60018
4 0.04557 53.00777
4 0.04347 56.31287
4 0.04398 52.34661
4 0.04370 52.40872
4 0.04489 54.10153
4 0.04360 55.90103
4 0.04505 52.03185
4 0.04502 47.85414
4 0.04481 48.05493
4 0.04351 53.62312
4 0.04397 50.25849
4 0.04356 50.99530
4 0.04457 53.34498
4 0.04305 56.34917
