2 0.05246 77.48561
2 0.05513 72.20680
2 0.05333 74.97573
2 0.05424 73.58409
2 0.05539 73.15775
2 0.05325 76.88819
2 0.05473 74.32895
2 0.05440 79.67878
2 0.05479 77.42765
2 0.05419 79.72515
2 0.05293 76.24510
2 0.05387 75.15578
2 0.05316 76.84725
2 0.05308 75.78110
2 0.05761 68.54773
2 0.05462 76.02476
2 0.05343 76.58909
2 0.05432 72.55466
2 0.05363 77.50536
2 0.05281 75.65860
2 0.05364 73.66870
2 0.05503 73.18097
2 0.05402 72.85586
2 0.05291 77.63393
2 0.05576 72.31379
2 0.05196 79.10015
2 0.05309 76.41909
2 0.05348 74.69847
2 0.05396 78.20733
2 0.05315 76.70590
2 0.05292 76.25117
2 0.05347 75.70251
2 0.05433 74.72411
2 0.05570 73.92068
2 0.05514 75.92697
2 0.05539 73.37924
2 0.05322 76.24159
2 0.05454 76.28128
2 0.05755 70.44380
2 0.05423 75.30932
2 0.05778 69.66667
2 0.05405 75.17540
2 0.05385 76.30407
2 0.05250 76.47988
2 0.05544 72.05547
2 0.05358 74.88633
2 0.05394 75.74591
2 0.05301 77.09733
2 0.05287 76.91665
2 0.05339 73.55458
2 0.05380 73.75647
2 0.05216 76.65752
2 0.05303 76.35890
2 0.05401 77.80715
2 0.05360 77.29259
2 0.05501 73.49461
2 0.05500 72.00621
2 0.05321 73.53837
2 0.05325 77.44648
2 0.05529 81.03764
2 0.05329 75.85509
2 0.05762 69.56604
2 0.05334 75.76444
2 0.05285 76.77537
2 0.05271 74.87251
2 0.05454 73.39010
2 0.05745 79.59008
2 0.05315 75.84313
2 0.05343 76.80477
2 0.05341 74.85799
2 0.05299 76.27248
2 0.05967 66.83142
2 0.05321 76.12266
2 0.05557 75.84634
2 0.05297 77.33420
2 0.05335 76.15351
2 0.05346 75.29236
2 0.05474 71.93141
2 0.05274 75.68151
2 0.05252 75.56212
2 0.05332 75.55900
2 0.05425 75.50069
2 0.05361 74.38159
2 0.05303 76.10321
2 0.05479 76.14306
2 0.05545 71.52429
2 0.05401 75.09928
2 0.05292 75.13737
2 0.05374 76.35171
2 0.05370 77.25807
2 0.05357 75.27789
2 0.05782 70.65368
2 0.05316 74.68492
2 0.05446 73.49869
2 0.05565 75.32530
2 0.05551 72.93053
2 0.05345 73.85666
2 0.05299 77.15585
2 0.05301 77.15277
2 0.05290 76.46321
