5 0.04002 46.43540
5 0.04037 45.70770
5 0.04035 47.15048
5 0.04056 44.75025
5 0.03944 41.04885
5 0.04010 45.77954
5 0.04098 44.89265
5 0.03915 47.69450
5 0.03883 40.55090
5 0.04136 44.64615
5 0.03816 42.30576
5 0.04011 46.32422
5 0.04022 39.48774
5 0.03939 40.57119
5 0.04029 44.99745
5 0.03989 45.83658
5 0.03765 43.20757
5 0.03951 39.89377
5 0.04241 37.63000
5 0.03946 46.10092
5 0.03840 41.37385
5 0.03917 41.59710
5 0.04154 44.94831
5 0.04080 45.11285
5 0.04118 43.50687
5 0.03968 39.97519
5 0.04048 45.62271
5 0.04090 45.15330
5 0.04101 44.99443
5 0.03949 40.16672
5 0.04125 38.73151
5 0.04116 44.55674
5 0.04061 45.95685
5 0.04012 40.10873
5 0.04102 39.69673
5 0.04422 35.92406
5 0.04049 45.02763
5 0.03964 46.40323
5 0.03902 42.44932
5 0.03998 46.38884
5 0.04055 44.68944
5 0.04091 44.47314
5 0.03898 46.89921
5 0.04132 39.72411
5 0.04469 42.08266
5 0.03916 45.94636
5 0.03971 42.35222
5 0.04009 40.68628
5 0.03941 40.78327
5 0.03841 41.99926
5 0.04120 44.17899
5 0.03957 42.91175
5 0.04073 44.02274
5 0.04040 44.96425
5 0.04141 43.98939
5 0.03863 42.08545
5 0.03868 41.15444
5 0.03987 40.08030
5 0.04045 44.98893
5 0.04116 45.01632
5 0.04099 45.05477
5 0.04009 46.36292
5 0.03911 41.37072
5 0.04144 44.38545
5 0.03960 40.43686
5 0.04074 46.28419
5 0.03993 39.47153
5 0.03979 39.91404
5 0.04120 44.11718
5 0.04043 45.16171
5 0.04067 44.99621
5 0.04125 44.25979
5 0.03866 40.59367
5 0.03961 40.93548
5 0.03811 41.66683
5 0.03970 46.09386
5 0.04024 39.87481
5 0.04053 44.96108
5 0.03792 41.76248
5 0.03856 41.51449
5 0.03994 40.66363
5 0.03869 41.13308
5 0.03953 40.40137
5 0.04144 43.61362
5 0.04043 45.49303
5 0.03921 46.33740
5 0.03922 46.38504
5 0.04139 43.69023
5 0.04131 43.70721
5 0.04024 44.56972
5 0.03958 39.91398
5 0.04009 40.39022
5 0.03960 45.92826
5 0.04047 39.09930
5 0.04000 46.64891
5 0.04063 44.37182
5 0.04148 39.10149
5 0.04092 43.59115
5 0.04002 40.71728
5 0.03879 47.02379
