1 0.08063 98.57551
1 0.08173 97.03056
1 0.08097 99.97403
1 0.08024 98.11503
1 0.08098 100.83469
1 0.08008 97.68620
1 0.08062 99.70207
1 0.08017 96.82107
1 0.08066 96.65009
1 0.07902 100.26645
1 0.07946 102.91415
1 0.08169 95.46227
1 0.07997 99.63067
1 0.08071 99.46082
1 0.07951 99.77062
1 0.08069 100.92405
1 0.08055 99.00314
1 0.08005 100.96104
1 0.08029 100.36322
1 0.07963 99.09624
1 0.08048 97.17852
1 0.08026 99.81513
1 0.08012 99.18308
1 0.08065 98.15586
1 0.07963 99.47291
1 0.08039 98.28508
1 0.07941 99.22334
1 0.08032 97.62718
1 0.07989 97.92408
1 0.08097 96.25737
1 0.08046 97.83009
1 0.08024 99.51768
1 0.08055 98.46767
1 0.08147 96.08689
1 0.08066 98.85834
1 0.08090 97.89329
1 0.08149 96.38806
1 0.08202 96.65641
1 0.08072 98.20046
1 0.08154 95.46550
1 0.08059 100.61814
1 0.08185 95.35362
1 0.08058 99.89933
1 0.08064 97.55185
1 0.07999 98.17466
1 0.08132 99.30038
1 0.08044 99.71511
1 0.07975 100.86470
1 0.07984 98.92548
1 0.07997 101.00132
1 0.08036 99.08802
1 0.07971 98.70921
1 0.08133 96.79875
1 0.07993 98.81077
1 0.08044 98.57983
1 0.08172 97.91001
1 0.08099 99.29241
1 0.07982 99.08873
1 0.08016 98.85113
1 0.07887 100.18954
1 0.08018 99.28478
1 0.08132 97.75669
1 0.08319 96.87612
1 0.08075 97.17578
1 0.08127 98.53467
1 0.08130 97.17141
1 0.08132 97.65178
1 0.08198 94.30934
1 0.08064 98.07774
1 0.07971 98.97602
1 0.07996 99.43206
1 0.08132 97.66485
1 0.07987 99.89864
1 0.07977 99.11418
1 0.08082 97.76481
1 0.08091 97.92549
1 0.08062 98.41969
1 0.08018 98.75012
1 0.07978 100.15584
1 0.08135 97.78806
1 0.08024 98.41815
1 0.08219 94.94066
1 0.07884 99.84047
1 0.07947 98.51698
1 0.07942 99.86575
1 0.08032 98.89068
1 0.08036 97.64685
1 0.08020 98.48761
1 0.08062 97.66349
1 0.08006 98.11571
1 0.08055 98.65230
1 0.08214 95.54240
1 0.08097 98.71919
1 0.07973 98.56571
1 0.08113 97.32883
1 0.08116 98.07497
1 0.08024 99.20608
1 0.08095 96.31003
1 0.08111 100.04653
1 0.08024 99.15021
