8 0.03942 30.13299
8 0.03750 31.30198
8 0.03764 31.17056
8 0.03724 31.47784
8 0.03846 30.60762
8 0.04114 28.55996
8 0.03714 31.66452
8 0.03885 30.68909
8 0.03805 30.99419
8 0.03963 30.88149
8 0.03724 31.04486
8 0.03718 32.73951
8 0.03774 30.78263
8 0.03814 30.37769
8 0.04030 29.06424
8 0.03677 33.38470
8 0.03681 31.46050
8 0.03939 30.91539
8 0.04514 26.95860
8 0.03682 32.80202
8 0.03692 32.17442
8 0.03911 30.26957
8 0.03715 32.48134
8 0.03592 32.56168
8 0.03729 31.21084
8 0.03878 30.18763
8 0.03906 31.36940
8 0.03849 30.73919
8 0.03724 32.69613
8 0.03820 31.80027
8 0.03728 31.61366
8 0.03742 30.69540
8 0.03834 30.63287
8 0.03658 32.12274
8 0.03968 30.81295
8 0.03693 31.69350
8 0.03734 30.87157
8 0.03784 30.55638
8 0.03704 31.53840
8 0.03831 30.60781
8 0.03656 31.71851
8 0.03829 30.90654
8 0.03761 30.97274
8 0.03793 31.00152
8 0.03737 32.84743
8 0.04016 28.71003
8 0.03710 32.12418
8 0.03716 31.15746
8 0.03832 30.71980
8 0.03752 30.79749
8 0.03722 31.15575
8 0.03684 31.94707
8 0.03823 30.42618
8 0.03674 32.81847
8 0.03805 31.95842
8 0.03814 31.32688
8 0.03753 30.77526
8 0.03773 30.64787
8 0.03687 33.24393
8 0.04103 28.83269
8 0.03994 28.80936
8 0.03864 30.09481
8 0.03799 31.55966
8 0.03853 30.09073
8 0.03713 31.33879
8 0.03685 32.51747
8 0.03756 31.90515
8 0.03956 31.29668
8 0.03758 31.08156
8 0.03996 29.20187
8 0.03743 31.32335
8 0.03840 30.09672
8 0.03798 31.65972
8 0.03786 30.91372
8 0.03928 30.25903
8 0.03674 31.77378
8 0.03701 31.77528
8 0.04017 29.80708
8 0.03788 31.32965
8 0.03736 31.08893
8 0.03941 29.50324
8 0.03578 33.15973
8 0.03758 31.60940
8 0.03909 31.43329
8 0.03754 32.39850
8 0.03788 31.24978
8 0.03684 31.80345
8 0.03730 31.26683
8 0.03748 31.03331
8 0.03596 34.03044
8 0.03689 31.43527
8 0.03754 30.97988
8 0.03767 31.31598
8 0.03798 32.35372
8 0.03714 32.78115
8 0.03674 31.44807
8 0.03635 32.22774
8 0.03751 30.74058
8 0.03814 30.45693
8 0.03689 31.54265
