5 2.99893 99.41208
5 2.99914 99.49533
5 2.99860 99.43972
5 2.99875 99.41928
5 2.99942 99.39763
5 2.99967 99.43512
5 2.99993 99.47829
5 3.00066 99.33505
5 3.00131 99.40198
5 2.99956 99.62393
5 3.00050 99.49475
5 3.00446 99.27453
5 3.00166 99.28466
5 3.00358 99.39516
5 3.00494 99.44705
5 3.00509 99.36113
5 3.00478 99.30465
5 3.00073 99.39035
5 3.00002 99.39341
5 3.00195 99.35038
5 2.99872 99.45222
5 3.00308 99.36036
5 2.99706 99.60289
5 2.99992 99.53224
5 2.99930 99.48839
5 2.99804 99.48559
5 2.99779 99.39494
5 2.99784 99.43486
5 2.99778 99.44830
5 2.99821 99.47366
5 3.00149 99.34397
5 2.99812 99.36707
5 2.99738 99.49102
5 2.99884 99.33546
5 2.99836 99.32975
5 2.99606 99.42136
5 2.99672 99.55330
5 3.00016 99.50960
5 2.99778 99.48785
5 2.99858 99.44209
5 2.99802 99.39891
5 2.99853 99.44420
5 2.99777 99.56114
5 2.99928 99.44107
5 3.00233 99.38897
5 2.99766 99.30985
5 2.99967 99.49780
5 2.99714 99.43761
5 2.99718 99.46959
5 2.99793 99.45738
5 3.00148 99.27500
5 3.00135 99.47446
5 3.00059 99.32689
5 3.00617 99.17065
5 3.00391 99.18844
5 2.99787 99.47143
5 3.00069 99.45227
5 3.00071 99.36220
5 2.99996 99.36344
5 3.00358 99.19374
5 2.99819 99.46753
5 2.99839 99.43977
5 3.00261 99.41063
5 2.99889 99.41347
5 2.99816 99.52792
5 3.00015 99.34793
5 3.00392 99.48150
5 3.00239 99.49413
5 3.00544 99.47498
5 3.00471 99.42397
5 3.00418 99.45033
5 3.00461 99.43679
5 3.00503 99.42186
5 3.00457 99.41168
5 3.00530 99.32764
5 3.00470 99.34188
5 3.00415 99.26771
5 3.00492 99.33798
5 3.00499 99.46448
5 3.00311 99.43170
5 3.00271 99.36684
5 3.00151 99.51073
5 3.00106 99.33219
5 3.00274 99.23355
5 3.00115 99.41628
5 3.00207 99.46768
5 3.00046 99.47866
5 2.99745 99.61657
5 3.00174 99.31104
5 3.00069 99.53651
5 3.00067 99.42110
5 3.00305 99.41778
5 3.00081 99.39857
5 3.00408 99.13857
5 3.00338 99.36984
5 3.00109 99.55394
5 3.00127 99.32394
5 2.99905 99.40165
5 2.99908 99.46641
5 3.00001 99.41723
