2 7.68029 99.95447
2 7.68269 100.11644
2 7.68133 99.98121
2 7.68126 99.97837
2 7.68125 100.09478
2 7.67960 100.10534
2 7.68072 100.10585
2 7.68097 100.06015
2 7.68095 100.07056
2 7.68151 100.03601
2 7.68098 100.01130
2 7.68127 99.94262
2 7.68001 100.13149
2 7.68052 99.97993
2 7.68034 100.01490
2 7.67937 99.97367
2 7.68015 100.00841
2 7.67973 100.03985
2 7.68046 99.95881
2 7.68039 100.09946
2 7.67932 100.09972
2 7.68096 99.98504
2 7.67954 100.03228
2 7.67994 100.03723
2 7.68017 99.99297
2 7.68060 100.04414
2 7.68001 99.85037
2 7.67985 100.08585
2 7.68034 99.94461
2 7.67998 99.96606
2 7.67959 100.07572
2 7.68030 100.05004
2 7.68053 100.08065
2 7.68093 100.04840
2 7.68102 100.04216
2 7.68040 100.12284
2 7.67998 100.00995
2 7.68168 100.06831
2 7.68063 100.01473
2 7.68050 99.96026
2 7.68087 100.06708
2 7.68076 99.95327
2 7.68041 100.07600
2 7.68052 100.05863
2 7.68122 99.96071
2 7.68100 99.84865
2 7.68094 99.98216
2 7.68141 100.02484
2 7.68035 99.93569
2 7.68092 100.02669
2 7.68056 100.05203
2 7.68160 100.12389
2 7.68172 100.08350
2 7.68085 100.08456
2 7.68097 99.97853
2 7.67977 100.07180
2 7.68159 99.97826
2 7.68035 100.01714
2 7.68153 100.06981
2 7.67995 100.10024
2 7.68117 99.96067
2 7.68063 100.03726
2 7.68123 100.04496
2 7.68080 100.09657
2 7.68083 99.92378
2 7.68038 100.06458
2 7.68055 100.06329
2 7.68134 100.02825
2 7.68102 100.07414
2 7.68086 100.02047
2 7.68065 100.06164
2 7.68059 99.85346
2 7.68032 99.99612
2 7.68133 100.09604
2 7.68123 100.03274
2 7.68066 100.02240
2 7.68101 100.03617
2 7.68056 100.05731
2 7.68104 100.02777
2 7.68046 100.11692
2 7.68089 99.96267
2 7.68059 100.00714
2 7.68020 100.08408
2 7.68145 100.00112
2 7.68055 99.95759
2 7.68074 99.96166
2 7.68097 100.09169
2 7.68074 100.00299
2 7.68075 99.96503
2 7.68082 100.05151
2 7.68111 99.94708
2 7.68208 100.07097
2 7.68092 100.09301
2 7.68045 100.10582
2 7.68111 100.01125
2 7.68074 100.05245
2 7.68026 100.06947
2 7.68115 100.04002
2 7.68100 99.95132
2 7.67998 100.02330
