6 2.51685 98.83054
6 2.51220 99.09995
6 2.51661 98.80490
6 2.51638 98.73799
6 2.51474 98.80683
6 2.51470 98.78117
6 2.51539 98.78078
6 2.51154 99.03010
6 2.51176 99.00673
6 2.51776 98.86454
6 2.50970 98.98439
6 2.51036 98.97289
6 2.50935 98.98735
6 2.51196 98.84912
6 2.50981 98.96784
6 2.51219 98.94658
6 2.51406 98.73478
6 2.51190 98.97514
6 2.51443 98.87065
6 2.51281 98.97756
6 2.51483 98.90218
6 2.51425 98.84199
6 2.51275 98.95049
6 2.51346 98.94765
6 2.51286 99.02248
6 2.51748 98.68491
6 2.51643 98.87334
6 2.51576 98.86281
6 2.51516 98.93540
6 2.51539 98.73173
6 2.51515 98.98766
6 2.51233 98.87728
6 2.51705 99.00814
6 2.51593 98.96181
6 2.51333 98.96683
6 2.51389 98.90389
6 2.51307 98.88845
6 2.51500 98.94542
6 2.51095 99.02416
6 2.51206 98.97703
6 2.51150 98.96655
6 2.51563 98.78632
6 2.51290 99.05164
6 2.51576 98.80514
6 2.51465 98.89266
6 2.51647 98.67123
6 2.51405 98.83098
6 2.51277 98.99745
6 2.51580 98.91138
6 2.51486 98.84700
6 2.51371 98.89054
6 2.51349 98.98495
6 2.51503 98.92721
6 2.51711 98.68821
6 2.51529 98.92897
6 2.51292 98.93214
6 2.51369 98.83198
6 2.51608 98.88927
6 2.51580 98.77460
6 2.51096 98.89306
6 2.51327 98.87808
6 2.51217 98.92130
6 2.51337 98.88397
6 2.51400 98.76727
6 2.51319 99.00485
6 2.51412 98.89204
6 2.51487 98.89479
6 2.51665 98.77916
6 2.51750 98.96079
6 2.51704 98.77006
6 2.51481 98.94943
6 2.52075 98.73026
6 2.51623 98.90857
6 2.51839 98.77411
6 2.51611 98.96532
6 2.51628 98.78941
6 2.51623 98.94277
6 2.51900 98.90949
6 2.51723 99.00597
6 2.51758 98.90396
6 2.51978 98.89882
6 2.51649 98.84495
6 2.51794 98.95250
6 2.51615 99.03212
6 2.51831 98.74486
6 2.51586 98.98892
6 2.51679 98.94094
6 2.51719 98.92354
6 2.51205 98.90719
6 2.51526 98.96604
6 2.51690 98.87830
6 2.51591 98.89378
6 2.51352 98.91176
6 2.51766 98.80372
6 2.51601 98.83236
6 2.51745 98.92115
6 2.51561 98.73875
6 2.51753 98.86749
6 2.51595 98.88460
6 2.51245 98.84365
