8 1.89339 98.51810
8 1.89755 98.35323
8 1.88800 98.83003
8 1.89197 98.61896
8 1.88950 98.82134
8 1.89142 98.77139
8 1.89146 98.71307
8 1.89009 98.66763
8 1.89371 98.46745
8 1.89226 98.46831
8 1.89176 98.55015
8 1.88797 98.85300
8 1.89674 98.34848
8 1.89167 98.59489
8 1.89203 98.54199
8 1.89016 98.62380
8 1.88715 98.74261
8 1.89044 98.71485
8 1.88892 98.74074
8 1.88607 98.93330
8 1.89111 98.70292
8 1.89132 98.57740
8 1.89132 98.70060
8 1.89107 98.72484
8 1.88963 98.77930
8 1.89355 98.49456
8 1.89210 98.73238
8 1.88976 98.68099
8 1.88881 98.62529
8 1.89142 98.66376
8 1.89070 98.72034
8 1.88859 98.68730
8 1.89036 98.68592
8 1.89676 98.39973
8 1.88747 98.78145
8 1.88983 98.70161
8 1.88938 98.68408
8 1.88857 98.68563
8 1.88898 98.59233
8 1.88823 98.67601
8 1.88784 98.71773
8 1.88939 98.65883
8 1.88990 98.61097
8 1.89276 98.58558
8 1.88877 98.70327
8 1.88954 98.66917
8 1.88813 98.90064
8 1.89081 98.65744
8 1.89063 98.70678
8 1.88928 98.67833
8 1.89144 98.57726
8 1.88871 98.60504
8 1.89073 98.70904
8 1.88982 98.63022
8 1.88718 98.77283
8 1.89357 98.40414
8 1.88952 98.75732
8 1.88614 98.89515
8 1.88899 98.76986
8 1.88912 98.73905
8 1.88862 98.77190
8 1.89124 98.70371
8 1.89105 98.60298
8 1.88657 98.83102
8 1.89255 98.54723
8 1.89115 98.64034
8 1.89000 98.61357
8 1.89205 98.65154
8 1.88782 98.73134
8 1.89515 98.38757
8 1.88936 98.75589
8 1.88806 98.81200
8 1.89357 98.51948
8 1.88718 98.69173
8 1.88732 98.68457
8 1.88956 98.54281
8 1.88756 98.79450
8 1.89321 98.38223
8 1.89032 98.60789
8 1.88759 98.75656
8 1.88678 98.79591
8 1.88679 98.78109
8 1.88803 98.77442
8 1.88845 98.65193
8 1.88999 98.56832
8 1.88941 98.68023
8 1.88791 98.66439
8 1.88943 98.58276
8 1.88939 98.80029
8 1.88987 98.76881
8 1.88876 98.64236
8 1.89011 98.68021
8 1.89337 98.47978
8 1.88983 98.73645
8 1.89085 98.65749
8 1.88892 98.64212
8 1.88713 98.80503
8 1.89183 98.59376
8 1.89168 98.73368
8 1.89493 98.39205
