4 3.86752 99.13559
4 3.86752 99.21580
4 3.86989 99.15939
4 3.86649 99.12839
4 3.86674 99.13711
4 3.86686 99.14606
4 3.86828 99.18501
4 3.86854 99.01214
4 3.86623 99.09113
4 3.86587 99.22682
4 3.86667 99.13637
4 3.86747 99.12944
4 3.86600 99.25787
4 3.86692 99.05523
4 3.86702 99.09922
4 3.86587 99.22612
4 3.86756 99.23293
4 3.86573 99.10789
4 3.86696 99.07373
4 3.86503 99.13691
4 3.86636 99.10001
4 3.86457 99.23783
4 3.86690 99.08149
4 3.86582 99.19705
4 3.86746 99.13438
4 3.86832 99.11654
4 3.86497 99.17965
4 3.86650 99.11603
4 3.86516 99.22885
4 3.86696 99.06367
4 3.86507 99.19385
4 3.86771 99.14142
4 3.86697 99.15829
4 3.86782 99.12662
4 3.86729 99.11936
4 3.86802 99.04696
4 3.86725 99.06752
4 3.86834 99.11977
4 3.86563 99.11144
4 3.86752 99.06682
4 3.86663 99.12795
4 3.86651 99.06141
4 3.86617 99.11027
4 3.86644 99.10587
4 3.86772 99.08561
4 3.86646 99.22686
4 3.86676 99.26003
4 3.86696 99.12624
4 3.86577 99.08095
4 3.86675 99.21518
4 3.86615 99.07685
4 3.86631 99.15211
4 3.86560 99.23154
4 3.86585 99.13476
4 3.86584 99.23099
4 3.86626 99.07586
4 3.86730 99.10970
4 3.86567 99.13632
4 3.86554 99.19972
4 3.86800 99.16395
4 3.86508 99.18460
4 3.86662 99.17585
4 3.86754 99.11913
4 3.86760 99.01807
4 3.86631 99.21956
4 3.86624 99.18711
4 3.86917 99.02398
4 3.86686 99.06840
4 3.86669 99.17343
4 3.86735 99.06574
4 3.86706 99.11228
4 3.86816 99.03140
4 3.86632 99.13648
4 3.86689 99.09967
4 3.86734 99.03589
4 3.86779 99.10833
4 3.86570 99.10842
4 3.86748 99.17731
4 3.86587 99.08355
4 3.86678 99.24454
4 3.86641 99.14870
4 3.86831 98.99960
4 3.86499 99.12581
4 3.86657 99.20915
4 3.86765 99.05600
4 3.86669 99.10143
4 3.86857 99.10417
4 3.86704 99.15130
4 3.86902 99.01709
4 3.86771 99.15335
4 3.86606 99.16249
4 3.86946 99.07204
4 3.86658 99.05993
4 3.86632 99.21317
4 3.86757 99.17828
4 3.86890 99.15505
4 3.86686 99.03993
4 3.86604 99.12401
4 3.86593 99.11209
4 3.86833 99.02234
