7 2.15894 98.73079
7 2.15385 98.90063
7 2.15493 98.88478
7 2.15288 98.88587
7 2.15708 98.84431
7 2.15664 98.85288
7 2.15520 98.95253
7 2.15607 98.92868
7 2.15554 98.85522
7 2.15256 99.03161
7 2.15439 98.98617
7 2.15425 98.81240
7 2.15277 98.88542
7 2.15827 98.72058
7 2.15492 98.93264
7 2.15489 98.88914
7 2.15356 98.90175
7 2.15349 98.85552
7 2.15703 98.89363
7 2.15357 98.91817
7 2.15689 98.89209
7 2.15435 99.01044
7 2.15589 99.04118
7 2.15574 98.99974
7 2.15696 98.76513
7 2.15667 98.88225
7 2.15218 99.02375
7 2.15404 98.82039
7 2.15296 98.91246
7 2.15360 98.88284
7 2.15353 98.92077
7 2.15385 98.91112
7 2.15540 98.87886
7 2.15600 98.91448
7 2.15637 98.92217
7 2.15118 99.02265
7 2.15479 98.78313
7 2.15368 98.87342
7 2.15522 98.94495
7 2.15543 98.95990
7 2.15492 98.99539
7 2.15654 98.79532
7 2.15709 98.90038
7 2.16007 98.87387
7 2.15620 98.83734
7 2.15609 98.95147
7 2.16031 98.57624
7 2.15463 98.76968
7 2.15444 98.85017
7 2.15390 98.91188
7 2.15458 98.91104
7 2.15338 99.00764
7 2.15412 98.80866
7 2.15652 98.67881
7 2.15677 98.76694
7 2.15701 98.74303
7 2.15528 98.78161
7 2.15240 98.92378
7 2.15595 98.77693
7 2.15434 98.92079
7 2.15619 98.91665
7 2.15811 98.73930
7 2.15722 98.69221
7 2.15502 98.79998
7 2.15415 98.86731
7 2.15626 98.92391
7 2.15464 98.93289
7 2.15786 98.85617
7 2.15247 98.86605
7 2.15536 98.94583
7 2.15509 98.87357
7 2.15542 98.87873
7 2.15506 98.82181
7 2.15396 98.97125
7 2.15496 98.91338
7 2.15690 98.92221
7 2.15459 98.97823
7 2.15602 98.89309
7 2.15698 98.88416
7 2.15749 98.89898
7 2.15461 99.07717
7 2.15614 98.84011
7 2.15556 98.83084
7 2.15279 99.09958
7 2.15650 98.96694
7 2.15757 98.96700
7 2.15619 98.99609
7 2.15362 99.01823
7 2.15606 98.85235
7 2.15620 98.84992
7 2.15378 98.87794
7 2.15443 98.98011
7 2.15404 98.89111
7 2.15477 98.84063
7 2.15996 98.72209
7 2.15771 98.74426
7 2.15558 98.95665
7 2.15509 98.81280
7 2.15749 98.86085
7 2.15442 99.07745
