3 5.15162 99.49139
3 5.15044 99.36801
3 5.14880 99.36644
3 5.15168 99.42673
3 5.15145 99.41970
3 5.15223 99.39922
3 5.15085 99.41615
3 5.15156 99.37645
3 5.15108 99.37896
3 5.14930 99.33485
3 5.14868 99.28940
3 5.14942 99.38998
3 5.14968 99.29488
3 5.14967 99.44920
3 5.14979 99.35753
3 5.14943 99.30985
3 5.14990 99.47505
3 5.14940 99.29943
3 5.15105 99.27484
3 5.15070 99.39566
3 5.15031 99.40133
3 5.15131 99.45397
3 5.15106 99.31976
3 5.14971 99.48366
3 5.15199 99.42273
3 5.15077 99.42288
3 5.15025 99.45192
3 5.15055 99.31862
3 5.14990 99.39901
3 5.15045 99.38029
3 5.15089 99.42086
3 5.15096 99.42862
3 5.15134 99.43765
3 5.14976 99.39013
3 5.14975 99.39386
3 5.15005 99.32769
3 5.14971 99.37115
3 5.14920 99.48476
3 5.15050 99.30765
3 5.15035 99.34915
3 5.14890 99.44741
3 5.15142 99.29651
3 5.15125 99.46279
3 5.15110 99.48160
3 5.14959 99.35382
3 5.15042 99.31055
3 5.15141 99.28632
3 5.15156 99.31212
3 5.14992 99.45877
3 5.15013 99.35161
3 5.15099 99.27967
3 5.15044 99.47088
3 5.14994 99.34237
3 5.15018 99.44713
3 5.14862 99.38063
3 5.14908 99.31729
3 5.14896 99.30008
3 5.14903 99.42235
3 5.14604 99.39094
3 5.15008 99.49425
3 5.14806 99.43016
3 5.14841 99.40363
3 5.14878 99.32882
3 5.14856 99.47458
3 5.14907 99.30634
3 5.14890 99.33496
3 5.14895 99.36362
3 5.14461 99.51481
3 5.14926 99.44552
3 5.14889 99.40815
3 5.14850 99.39018
3 5.15020 99.48007
3 5.14960 99.46435
3 5.15046 99.50630
3 5.15125 99.39375
3 5.15036 99.42779
3 5.15146 99.47785
3 5.15047 99.38444
3 5.15023 99.31186
3 5.15092 99.31604
3 5.15033 99.42111
3 5.14939 99.34211
3 5.14999 99.42931
3 5.14972 99.35740
3 5.15028 99.30221
3 5.14960 99.44110
3 5.14948 99.30842
3 5.15020 99.36159
3 5.14999 99.35364
3 5.14885 99.37180
3 5.15007 99.43736
3 5.14900 99.31877
3 5.15102 99.42516
3 5.15042 99.32323
3 5.15110 99.44674
3 5.15051 99.32146
3 5.15038 99.44828
3 5.15204 99.37116
3 5.15003 99.42485
3 5.15086 99.27095
