1 15.36118 100.34553
1 15.36020 100.20161
1 15.35965 100.28474
1 15.36172 100.24244
1 15.36124 100.33829
1 15.36322 100.14380
1 15.36403 100.30920
1 15.36299 100.14620
1 15.36480 100.19733
1 15.36491 100.28284
1 15.36517 100.16847
1 15.36555 100.17388
1 15.36462 100.32217
1 15.36493 100.27979
1 15.36356 100.17908
1 15.36349 100.15247
1 15.36419 100.24348
1 15.36490 100.33679
1 15.36715 100.19758
1 15.36594 100.31083
1 15.36463 100.32579
1 15.36541 100.22990
1 15.36460 100.30953
1 15.36711 100.32844
1 15.36582 100.18872
1 15.36686 100.23073
1 15.36707 100.16335
1 15.36602 100.21812
1 15.36504 100.19015
1 15.36656 100.32648
1 15.36682 100.25648
1 15.36590 100.25848
1 15.36493 100.23607
1 15.36537 100.33105
1 15.36506 100.23529
1 15.36698 100.23360
1 15.36636 100.19583
1 15.36486 100.20332
1 15.36588 100.30602
1 15.36567 100.33496
1 15.36381 100.21689
1 15.36232 100.14585
1 15.36298 100.16230
1 15.36390 100.16081
1 15.36357 100.14435
1 15.36514 100.18186
1 15.36521 100.25739
1 15.36469 100.28797
1 15.36533 100.12890
1 15.36499 100.22914
1 15.36443 100.29142
1 15.36496 100.18081
1 15.36426 100.29538
1 15.36485 100.21046
1 15.36476 100.28512
1 15.36381 100.23104
1 15.36199 100.16957
1 15.36340 100.25435
1 15.36193 100.19804
1 15.36307 100.31792
1 15.36327 100.24057
1 15.36398 100.13453
1 15.36371 100.17759
1 15.36387 100.22754
1 15.36535 100.20062
1 15.36528 100.19670
1 15.36494 100.32809
1 15.36358 100.14019
1 15.36570 100.20239
1 15.36426 100.28106
1 15.36523 100.28836
1 15.36504 100.21861
1 15.36405 100.21493
1 15.36547 100.22270
1 15.36388 100.17313
1 15.36517 100.12995
1 15.36389 100.25350
1 15.36434 100.17219
1 15.36520 100.30316
1 15.36630 100.22075
1 15.36734 100.28257
1 15.36523 100.27629
1 15.36634 100.16630
1 15.36549 100.19327
1 15.36432 100.16309
1 15.36415 100.29320
1 15.36292 100.27477
1 15.36471 100.23670
1 15.36547 100.31117
1 15.36366 100.29082
1 15.36527 100.17995
1 15.36669 100.15595
1 15.36752 100.33140
1 15.36696 100.18862
1 15.36655 100.19030
1 15.36567 100.15059
1 15.36539 100.15309
1 15.36468 100.24491
1 15.36540 100.16775
1 15.36579 100.26882
