6 0.06888 68.36564
6 0.06951 61.14089
6 0.06909 67.06850
6 0.06806 62.82964
6 0.06831 62.38438
6 0.06866 67.82790
6 0.06827 63.03378
6 0.06806 62.98432
6 0.06945 64.82061
6 0.06810 69.92458
6 0.06831 62.82041
6 0.06988 72.92579
6 0.06835 69.33775
6 0.06851 67.06580
6 0.06873 67.69542
6 0.06889 68.47329
6 0.06865 65.62813
6 0.06769 66.77642
6 0.06933 62.51128
6 0.06894 62.12996
6 0.06861 68.53616
6 0.06975 65.39393
6 0.06882 62.08990
6 0.06823 70.56976
6 0.06893 68.07749
6 0.06943 61.06168
6 0.06819 62.41635
6 0.06835 62.22911
6 0.06881 61.71760
6 0.06921 61.21623
6 0.06910 61.88359
6 0.06833 61.77278
6 0.06909 61.22482
6 0.06785 62.90340
6 0.06848 62.49092
6 0.06805 62.49202
6 0.06899 61.76026
6 0.06816 69.86501
6 0.06819 71.19969
6 0.06884 64.24830
6 0.06835 67.16121
6 0.07005 64.13292
6 0.06788 63.07225
6 0.06852 66.66580
6 0.06870 66.68526
6 0.06891 62.01565
6 0.06839 67.28079
6 0.06836 72.88523
6 0.06881 67.63537
6 0.06814 65.62442
6 0.06813 65.41983
6 0.06899 68.51432
6 0.06889 61.90724
6 0.06927 73.28613
6 0.06917 61.88153
6 0.06787 63.18687
6 0.06799 69.68466
6 0.07187 61.58475
6 0.06856 62.65691
6 0.06801 62.75618
6 0.06881 72.66377
6 0.06882 71.69142
6 0.06872 63.56274
6 0.06988 61.83532
6 0.07099 63.36948
6 0.06825 73.55793
6 0.06850 62.45493
6 0.06919 61.68112
6 0.06933 67.08339
6 0.06842 63.89137
6 0.06805 68.54803
6 0.06877 68.09340
6 0.06874 72.33533
6 0.06881 64.89331
6 0.06880 71.51707
6 0.06806 64.50434
6 0.06956 62.34034
6 0.06880 67.96370
6 0.06847 63.99581
6 0.06893 61.38660
6 0.06783 65.45869
6 0.06894 68.10064
6 0.06896 65.63095
6 0.06920 70.17448
6 0.06806 63.00375
6 0.06875 66.76180
6 0.06809 62.30020
6 0.06958 61.10226
6 0.06854 65.77466
6 0.07204 59.25731
6 0.06961 61.42671
6 0.07256 58.71469
6 0.06851 69.25145
6 0.06925 62.67716
6 0.06990 61.87144
6 0.06853 62.37044
6 0.06980 60.86473
6 0.06993 61.09075
6 0.06897 68.45978
6 0.06852 62.38552
