3 0.10765 88.73203
3 0.10771 87.91921
3 0.10743 94.14907
3 0.10788 91.87295
3 0.10747 93.65253
3 0.10716 86.65843
3 0.10821 93.25019
3 0.10772 88.58406
3 0.10756 86.95593
3 0.10839 84.92839
3 0.10705 94.80797
3 0.10810 93.82806
3 0.10813 91.97188
3 0.10743 87.60749
3 0.10929 92.29313
3 0.10840 90.52314
3 0.10763 87.20012
3 0.10761 88.39306
3 0.10750 87.58674
3 0.10769 90.98503
3 0.10753 92.85997
3 0.10838 85.69667
3 0.10730 87.04678
3 0.10768 94.04530
3 0.10737 94.87347
3 0.10785 89.03271
3 0.10785 88.67073
3 0.10892 85.76892
3 0.10867 85.09548
3 0.10901 92.32855
3 0.10744 92.78849
3 0.10735 93.02718
3 0.10738 87.92730
3 0.10771 86.08342
3 0.10796 89.20992
3 0.10794 89.14903
3 0.10757 92.23765
3 0.10792 85.22703
3 0.10780 90.12067
3 0.10733 88.11172
3 0.10739 93.62672
3 0.10805 89.69173
3 0.10694 87.44109
3 0.10693 90.12929
3 0.10751 89.89982
3 0.10743 89.04064
3 0.10726 90.57089
3 0.10766 92.90535
3 0.10804 92.35908
3 0.10733 92.04618
3 0.10743 90.44062
3 0.10730 91.70712
3 0.10779 88.57289
3 0.10729 95.47634
3 0.10792 86.62289
3 0.10786 85.05878
3 0.10775 92.12060
3 0.10781 84.79222
3 0.10765 87.63226
3 0.10818 88.79642
3 0.10777 85.37083
3 0.10796 85.85988
3 0.10824 79.12853
3 0.10754 88.14162
3 0.10826 86.09870
3 0.10766 90.12753
3 0.10743 92.68090
3 0.10829 88.21959
3 0.10766 89.05473
3 0.10771 85.76239
3 0.10778 92.99321
3 0.10752 85.17765
3 0.10791 87.30740
3 0.10877 84.61232
3 0.10804 86.67807
3 0.10735 88.67340
3 0.10834 93.23063
3 0.10826 86.89716
3 0.10769 85.47112
3 0.10751 91.09628
3 0.10818 87.55040
3 0.10773 85.78732
3 0.10708 87.71329
3 0.10761 86.85243
3 0.10780 86.88713
3 0.10804 88.12458
3 0.10764 93.41427
3 0.10801 87.15807
3 0.10736 86.15677
3 0.10787 89.45094
3 0.10769 86.44188
3 0.10746 88.73502
3 0.10724 87.29317
3 0.10890 89.37347
3 0.10761 85.07138
3 0.10755 91.16573
3 0.10776 85.11685
3 0.10811 85.68251
3 0.10807 94.28698
3 0.10720 93.92559
