4 0.08776 74.46030
4 0.08749 75.87493
4 0.08740 79.27245
4 0.08797 81.01328
4 0.08729 85.13144
4 0.08766 77.81123
4 0.08702 82.70154
4 0.08816 78.63740
4 0.08734 82.03242
4 0.08810 82.12443
4 0.08695 78.79996
4 0.08791 81.42999
4 0.08735 82.80984
4 0.09005 76.18316
4 0.08844 82.66575
4 0.08804 83.96008
4 0.08783 80.26823
4 0.08780 79.21742
4 0.08841 76.36868
4 0.08811 80.95790
4 0.08715 80.82907
4 0.08775 78.63252
4 0.08743 78.43915
4 0.08734 81.01718
4 0.08710 84.10492
4 0.09030 81.00146
4 0.08756 78.64549
4 0.08691 79.49771
4 0.08838 76.03301
4 0.08809 76.80245
4 0.08727 83.87427
4 0.08751 76.96029
4 0.08801 80.37975
4 0.08751 82.65690
4 0.08765 79.72143
4 0.08737 83.74436
4 0.08826 87.30912
4 0.08850 79.64585
4 0.08826 74.51458
4 0.08736 81.99520
4 0.08791 81.33782
4 0.08761 78.86902
4 0.08784 79.05346
4 0.08801 79.14521
4 0.08733 82.79162
4 0.08826 79.63114
4 0.08768 78.43235
4 0.08753 76.96170
4 0.09143 79.09288
4 0.08754 83.82268
4 0.08786 76.94126
4 0.08793 79.85909
4 0.08745 80.81092
4 0.09159 76.87886
4 0.08862 78.85682
4 0.08857 74.66374
4 0.08810 78.77914
4 0.08748 81.23494
4 0.08741 83.47467
4 0.08928 74.05309
4 0.08773 82.36971
4 0.08779 81.61869
4 0.08817 77.94755
4 0.08784 76.17010
4 0.08732 76.98052
4 0.08780 82.62613
4 0.08744 80.85142
4 0.08755 81.71949
4 0.08805 82.93364
4 0.08802 78.90937
4 0.08811 80.43047
4 0.08740 81.15295
4 0.08792 81.67254
4 0.08785 81.10405
4 0.08789 77.58522
4 0.08740 83.38038
4 0.08748 77.45089
4 0.08748 82.64189
4 0.08745 83.11043
4 0.08762 79.33141
4 0.08744 78.69884
4 0.08714 81.97853
4 0.08727 81.19069
4 0.08711 81.79822
4 0.08727 81.14227
4 0.08797 76.98349
4 0.08777 74.79968
4 0.08841 77.08999
4 0.08764 84.00486
4 0.08738 82.20201
4 0.08728 78.01278
4 0.08947 79.28207
4 0.08797 82.39948
4 0.08775 76.40476
4 0.08828 82.92685
4 0.08746 78.33856
4 0.08825 80.02714
4 0.08742 78.89588
4 0.08826 78.99421
4 0.08741 79.29594
