1 0.25768 99.11331
1 0.25505 99.91226
1 0.25687 99.43931
1 0.25770 98.86487
1 0.25733 99.08059
1 0.25691 99.23317
1 0.25603 99.60774
1 0.25662 99.18420
1 0.25695 98.87302
1 0.25744 98.72077
1 0.25774 107.63973
1 0.25577 99.45894
1 0.25779 103.61511
1 0.25801 99.23634
1 0.25570 99.57275
1 0.25734 98.81511
1 0.25619 98.95818
1 0.25719 98.81773
1 0.25716 98.95650
1 0.25615 99.22577
1 0.25696 99.24879
1 0.25741 98.52498
1 0.25654 101.77430
1 0.25580 99.66278
1 0.25585 100.91499
1 0.25582 99.47965
1 0.25615 99.93796
1 0.25722 99.05640
1 0.25730 98.87489
1 0.25616 99.60391
1 0.25611 99.80600
1 0.25720 99.16359
1 0.25578 99.43462
1 0.25661 99.50244
1 0.25408 99.81387
1 0.25652 99.30180
1 0.25628 99.54078
1 0.25739 98.94210
1 0.25633 99.52030
1 0.25616 99.50077
1 0.25655 99.56570
1 0.25669 99.45354
1 0.25592 99.58298
1 0.25691 98.78965
1 0.25685 99.34557
1 0.25761 98.90604
1 0.25534 99.75343
1 0.25768 98.82496
1 0.25696 98.88143
1 0.25744 98.73120
1 0.25691 99.33441
1 0.25703 98.89989
1 0.25616 99.58641
1 0.25576 100.19629
1 0.25514 101.25185
1 0.25723 99.64612
1 0.25722 99.16659
1 0.25720 99.07326
1 0.25632 99.35937
1 0.25737 101.65654
1 0.25693 107.80171
1 0.25719 100.94870
1 0.25666 101.17517
1 0.25636 99.24076
1 0.25505 99.77394
1 0.25498 99.95608
1 0.25744 98.92821
1 0.25592 104.48287
1 0.25615 99.53325
1 0.25566 99.42361
1 0.25768 99.39901
1 0.25635 99.87083
1 0.25735 98.75725
1 0.25526 99.87854
1 0.25645 99.27274
1 0.25625 99.27627
1 0.25684 99.08317
1 0.25601 101.50875
1 0.25707 99.05782
1 0.25607 99.25885
1 0.25689 99.30791
1 0.25613 101.26856
1 0.25768 98.76501
1 0.25635 99.37769
1 0.25641 99.43078
1 0.25713 98.69560
1 0.25637 99.02700
1 0.25789 98.45492
1 0.25635 101.88434
1 0.25692 98.83859
1 0.25605 99.40384
1 0.25703 98.91757
1 0.25661 98.88527
1 0.25710 99.11125
1 0.25788 100.33741
1 0.25606 99.42814
1 0.25656 99.30015
1 0.25644 99.26047
1 0.25715 98.53598
1 0.25651 100.59010
