8 0.05661 62.34609
8 0.05570 63.86604
8 0.06046 59.40143
8 0.05525 67.17697
8 0.05894 58.03571
8 0.05754 60.53139
8 0.05678 64.07539
8 0.05569 62.91456
8 0.05580 64.14122
8 0.05555 63.78459
8 0.05595 61.89992
8 0.05585 64.40653
8 0.05560 60.56223
8 0.05585 62.38070
8 0.05606 61.36378
8 0.05809 61.38953
8 0.06042 57.40265
8 0.05538 63.01817
8 0.05548 63.95351
8 0.05574 64.03000
8 0.05541 65.58922
8 0.05606 62.34549
8 0.05880 59.00294
8 0.05544 63.61323
8 0.05575 62.71451
8 0.05798 59.33573
8 0.05578 60.78974
8 0.05621 64.31008
8 0.05689 61.68813
8 0.05519 65.62388
8 0.05635 62.28026
8 0.05558 65.14969
8 0.05613 61.34177
8 0.05644 62.93379
8 0.05575 64.40546
8 0.06025 55.89660
8 0.06222 56.79640
8 0.05637 62.63798
8 0.05966 56.79524
8 0.05540 65.77680
8 0.05573 65.43238
8 0.05718 61.83796
8 0.05682 63.67478
8 0.05521 62.48752
8 0.06459 52.90859
8 0.05552 63.94142
8 0.05805 59.27474
8 0.05762 61.02468
8 0.05906 61.98507
8 0.05569 63.33499
8 0.05821 59.37039
8 0.05767 60.31231
8 0.05566 64.99688
8 0.05824 60.86258
8 0.05721 61.12574
8 0.06115 59.87472
8 0.05957 59.40640
8 0.05540 62.11696
8 0.05601 62.43035
8 0.05608 59.96119
8 0.05578 65.11878
8 0.05552 64.02120
8 0.05701 61.54245
8 0.05865 61.94996
8 0.05512 67.21142
8 0.05687 61.92057
8 0.05579 63.00013
8 0.05625 64.18062
8 0.05794 62.90348
8 0.05524 65.70253
8 0.05557 61.87537
8 0.05983 60.52214
8 0.05501 61.93547
8 0.05827 60.01683
8 0.05926 56.01975
8 0.05582 64.14393
8 0.05839 63.29467
8 0.05623 64.39349
8 0.05543 63.67769
8 0.05637 63.00613
8 0.05693 60.99575
8 0.05561 61.28597
8 0.05567 63.83589
8 0.05509 66.19634
8 0.05553 62.04903
8 0.05568 64.57869
8 0.05707 61.26969
8 0.05878 59.97439
8 0.05572 61.41632
8 0.05563 61.85120
8 0.05754 61.86092
8 0.05773 61.80016
8 0.05724 62.36326
8 0.05574 61.16196
8 0.05580 62.59189
8 0.05720 59.87385
8 0.05543 65.53611
8 0.05595 63.28690
8 0.05586 62.40668
8 0.05613 60.77690
