2 0.14498 87.90169
2 0.14579 87.51747
2 0.14699 86.97017
2 0.14500 91.17364
2 0.14492 87.98139
2 0.14483 89.79949
2 0.14656 86.58097
2 0.14612 88.11459
2 0.14566 87.40446
2 0.14530 87.50904
2 0.14673 86.93161
2 0.14497 88.31550
2 0.14519 87.82333
2 0.14506 88.30277
2 0.14516 87.93410
2 0.14434 88.85175
2 0.14487 88.20195
2 0.14816 94.93835
2 0.14602 86.89341
2 0.14461 88.57538
2 0.14496 89.97875
2 0.14577 88.11018
2 0.14499 88.92439
2 0.14474 90.86820
2 0.14527 87.95490
2 0.14467 87.80972
2 0.14493 88.33769
2 0.14458 96.44004
2 0.14756 94.54260
2 0.14576 96.19008
2 0.14474 88.08617
2 0.14551 88.69123
2 0.14472 88.52926
2 0.14490 88.02451
2 0.14685 98.09454
2 0.14551 87.44753
2 0.14507 87.74377
2 0.14546 88.05034
2 0.14439 87.86337
2 0.14611 87.10133
2 0.14720 97.51076
2 0.14480 87.85978
2 0.14749 86.56098
2 0.14532 87.78126
2 0.14592 88.47489
2 0.14504 87.72779
2 0.14548 87.40399
2 0.14526 88.11124
2 0.14526 87.59545
2 0.14464 87.97398
2 0.14418 88.45749
2 0.14504 87.56998
2 0.14493 87.77662
2 0.14501 87.75382
2 0.14556 88.22723
2 0.14601 90.22594
2 0.14500 88.12757
2 0.14493 88.06558
2 0.14522 88.17344
2 0.14814 89.57709
2 0.14486 87.54159
2 0.14642 97.42506
2 0.14537 87.58560
2 0.14510 88.38709
2 0.14547 87.92136
2 0.14517 87.90453
2 0.14546 87.91202
2 0.14480 87.61290
2 0.14495 88.21354
2 0.14563 87.99429
2 0.14527 88.02175
2 0.14494 87.99180
2 0.14520 100.00430
2 0.14569 91.68678
2 0.14733 95.53069
2 0.14470 88.25627
2 0.14479 87.81781
2 0.14491 88.11154
2 0.14456 88.36917
2 0.14558 88.14835
2 0.14609 87.49316
2 0.14838 97.52849
2 0.14478 87.79137
2 0.14736 96.79050
2 0.14765 86.01672
2 0.14610 87.42463
2 0.14527 87.75495
2 0.14578 87.42703
2 0.14526 95.30684
2 0.14424 88.52311
2 0.14471 88.01149
2 0.14682 86.87352
2 0.14469 87.85413
2 0.14650 86.69916
2 0.14524 87.76081
2 0.14453 88.07321
2 0.14540 87.88322
2 0.14469 87.96249
2 0.14444 89.81997
2 0.14517 93.30563
