 28.4043
 28.4182
 28.4156
 28.4187
 28.4123
 28.4041
 28.4069
 28.4055
 28.4065
 28.3968
 28.4024
 28.4124
 28.4012
 28.4044
 28.4010
 28.3998
 28.4037
 28.4042
 28.4038
 28.4052
 28.4077
 28.3995
 28.4091
 28.4023
 28.4031
 28.4079
 28.4027
 28.4001
 28.4068
 28.4042
 28.3968
 28.4090
 28.4073
 28.4003
 28.4107
 28.3997
 28.4113
 28.3979
 28.4003
 28.3983
 28.4116
 28.4050
 28.4151
 28.4022
 28.4143
 28.4056
 28.4097
 28.4129
 28.4109
 28.4108
 28.4107
 28.4075
 28.4123
 28.4068
 28.4072
 28.4053
 28.4100
 28.4092
 28.4049
 28.4061
 28.4027
 28.4093
 28.4014
 28.4054
 28.4046
 28.4143
 28.4008
 28.4121
 28.4087
 28.4090
 28.4067
 28.4103
 28.4151
 28.4026
 28.4050
 28.4057
 28.4113
 28.4037
 28.4070
 28.4086
 28.4065
 28.4000
 28.4066
 28.4091
 28.4018
 28.4028
 28.4038
 28.3998
 28.4008
 28.4092
 28.4064
 28.4070
 28.4014
 28.4002
 28.4051
 28.4078
 28.4055
 28.3967
 28.3892
 28.4135
