 33.3849
 33.3899
 33.3783
 33.3667
 33.3755
 33.3795
 33.3741
 33.3737
 33.3887
 33.3899
 33.3713
 33.3641
 33.3868
 33.3788
 33.3966
 33.3675
 33.3952
 33.3992
 33.3929
 33.3840
 33.3900
 33.3866
 33.3825
 33.3903
 33.4140
 33.4140
 33.4332
 33.4111
 33.4360
 33.4153
 33.4138
 33.4077
 33.3867
 33.4055
 33.4197
 33.4087
 33.3989
 33.4065
 33.3859
 33.4014
 33.3854
 33.3842
 33.3998
 33.4220
 33.4133
 33.4131
 33.3926
 33.3973
 33.3905
 33.4111
 33.3809
 33.3712
 33.3886
 33.3852
 33.4002
 33.4030
 33.3964
 33.4168
 33.4168
 33.4231
 33.4022
 33.4202
 33.4149
 33.4119
 33.4071
 33.3782
 33.3961
 33.3947
 33.3743
 33.3971
 33.3969
 33.3953
 33.4046
 33.4111
 33.3887
 33.3850
 33.3889
 33.3841
 33.4006
 33.3987
 33.3901
 33.4216
 33.4022
 33.3928
 33.4022
 33.4115
 33.4021
 33.4247
 33.4223
 33.4178
 33.4238
 33.4166
 33.4138
 33.4099
 33.4115
 33.4029
 33.4109
 33.4108
 33.4107
 33.3996
