  5.5176
  5.4500
  5.4522
  5.4517
  5.4520
  5.4522
  5.4553
  5.4577
  5.4630
  5.4865
  5.4616
  5.4644
  5.4629
  5.4584
  5.4602
  5.4614
  5.4637
  5.4636
  5.4648
  5.4638
  5.4633
  5.4637
  5.4629
  5.4631
  5.4623
  5.4614
  5.4953
  5.4610
  5.4604
  5.4640
  5.4616
  5.4616
  5.4609
  5.4648
  5.4634
  5.4637
  5.4622
  5.4649
  5.4624
  5.4642
  5.4638
  5.4642
  5.4631
  5.4643
  5.4637
  5.4637
  5.4618
  5.4607
  5.4605
  5.4594
  5.4618
  5.4635
  5.4628
  5.4627
  5.4621
  5.4633
  5.4619
  5.4616
  5.4594
  5.4594
  5.4604
  5.4623
  5.4649
  5.4633
  5.4629
  5.4633
  5.4595
  5.4584
  5.4589
  5.4693
  5.4595
  5.4593
  5.4598
  5.4591
  5.4589
  5.4555
  5.4959
  5.4604
  5.4622
  5.4628
  5.4606
  5.4599
  5.4576
  5.4586
  5.4593
  5.4600
  5.4590
  5.4574
  5.4867
  5.4583
  5.4586
  5.4600
  5.4586
  5.4590
  5.4598
  5.4608
  5.4588
  5.4588
  5.4577
  5.4572
