 10.9318
 10.8773
 10.8781
 10.8760
 10.8769
 10.8766
 10.8758
 10.8746
 10.8752
 10.8740
 10.8743
 10.8734
 10.8736
 10.8744
 10.8719
 10.8733
 10.8732
 10.8737
 10.8736
 10.8736
 10.8735
 10.8737
 10.8738
 10.9235
 10.8731
 10.8733
 10.8731
 10.8736
 10.8740
 10.8736
 10.8734
 10.8740
 10.8732
 10.8727
 10.8733
 10.8733
 10.8735
 10.9113
 10.8712
 10.8726
 10.8742
 10.8737
 10.8737
 10.8732
 10.8729
 10.8872
 10.9081
 10.8734
 10.8740
 10.8741
 10.8738
 10.8734
 10.8732
 10.8741
 10.8737
 10.8741
 10.8735
 10.8741
 10.8746
 10.8743
 10.8753
 10.8744
 10.8750
 10.8741
 10.8750
 10.8754
 10.8741
 10.8751
 10.8745
 10.8969
 10.8748
 10.8740
 10.8748
 10.8749
 10.8750
 10.8732
 10.8731
 10.8732
 10.8730
 10.8734
 10.8747
 10.8757
 10.8738
 10.8731
 10.8738
 10.8754
 10.8734
 10.8738
 10.8741
 10.8732
 10.8738
 10.8736
 10.8953
 10.8740
 10.8738
 10.8743
 10.8739
 10.8746
 10.8758
 10.8760
 10.9322
 10.8725
 10.8748
 10.8725
 10.8725
 10.8705
 10.8711
 10.8705
 10.8709
 10.8712
 10.8711
 10.8720
 10.9069
 10.8712
 10.8715
 10.8708
 10.8705
 10.8705
