 17.1200
 17.1254
 17.1255
 17.1209
 17.1169
 17.1115
 17.1100
 17.1046
 17.1179
 17.1151
 17.1094
 17.1113
 17.1087
 17.1163
 17.1151
 17.1134
 17.1147
 17.1157
 17.1085
 17.1054
 17.1150
 17.1148
 17.1122
 17.1135
 17.1309
 17.1129
 17.1165
 17.1135
 17.1125
 17.1075
 17.1019
 17.1060
 17.1042
 17.1016
 17.1295
 17.1150
 17.1123
 17.1091
 17.1182
 17.1075
 17.1135
 17.1135
 17.1186
 17.1109
 17.1158
 17.1159
 17.1124
 17.1187
 17.1089
 17.1192
 17.1148
 17.1129
 17.1093
 17.1072
 17.1118
 17.1187
 17.1163
 17.1105
 17.1114
 17.1159
 17.1204
 17.1123
 17.1106
 17.1132
 17.1159
 17.1177
 17.1204
 17.1153
 17.1214
 17.1171
 17.1111
 17.1146
 17.1136
 17.0998
 17.1063
 17.1104
 17.1172
 17.1170
 17.0980
 17.1052
 17.1077
 17.1156
 17.1080
 17.1090
 17.1154
 17.1147
 17.1171
 17.1126
 17.1103
 17.1112
 17.1128
 17.1143
 17.1137
 17.1120
 17.1184
 17.1140
 17.1130
 17.1107
 17.1169
 17.1119
