 21.7874
 21.7952
 21.7861
 21.7848
 21.7846
 21.7763
 21.7681
 21.7824
 21.7744
 21.7789
 21.7751
 21.7680
 21.7812
 21.7809
 21.7789
 21.7863
 21.7841
 21.7863
 21.7862
 21.7826
 21.7833
 21.7808
 21.7848
 21.7806
 21.7831
 21.7756
 21.7740
 21.7820
 21.7759
 21.7771
 21.7798
 21.7646
 21.7624
 21.7955
 21.7713
 21.7902
 21.7832
 21.7861
 21.7744
 21.7696
 21.7658
 21.7840
 21.7849
 21.7852
 21.7858
 21.7803
 21.7938
 21.7761
 21.7824
 21.7743
 21.7665
 21.7711
 21.7631
 21.7621
 21.7730
 21.7672
 21.7809
 21.7814
 21.7722
 21.7654
 21.7723
 21.7636
 21.7484
 21.7688
 21.7710
 21.7615
 21.7546
 21.7585
 21.7669
 21.7655
 21.7639
 21.7673
 21.7609
 21.7652
 21.7658
 21.7683
 21.7777
 21.7802
 21.7839
 21.7802
 21.7935
 21.7807
 21.7798
 21.7735
 21.7804
 21.7664
 21.7610
 21.7613
 21.7657
 21.7682
 21.7585
 21.7636
 21.7708
 21.7639
 21.7615
 21.7547
 21.7518
 21.7677
 21.7526
 21.7570
