  1.8046
  1.7900
  1.7803
  1.7858
  1.7872
  1.7824
  1.7934
  1.7862
  1.7862
  1.7802
  1.7801
  1.7801
  1.7860
  1.7895
  1.7817
  1.7850
  1.7854
  1.7804
  1.7807
  1.7835
  1.7814
  1.7808
  1.7890
  1.7813
  1.7803
  1.7864
  1.7857
  1.7805
  1.7858
  1.7854
  1.7804
  1.7805
  1.7806
  1.7833
  1.7802
  1.7822
  1.8014
  1.7807
  1.7803
  1.7805
  1.7813
  1.7824
  1.7829
  1.7807
  1.7823
  1.7805
  1.7807
  1.7829
  1.7919
  1.7833
  1.7827
  1.7852
  1.7817
  1.7848
  1.7855
  1.7917
  1.7830
  1.7809
  1.7827
  1.7814
  1.7862
  1.7811
  1.7810
  1.7823
  1.7877
  1.7802
  1.7800
  1.7805
  1.7899
  1.7907
  1.7813
  1.7803
  1.7876
  1.7857
  1.7803
  1.7804
  1.7809
  1.7806
  1.7855
  1.7803
  1.7815
  1.7824
  1.7804
  1.7808
  1.7807
  1.7827
  1.7930
  1.7866
  1.7803
  1.7807
  1.7802
  1.7804
  1.7874
  1.7848
  1.7900
  1.7848
  1.7862
  1.7856
  1.7898
  1.7867
