  3.5566
  3.5415
  3.5416
  3.5415
  3.5412
  3.5414
  3.5423
  3.5413
  3.5414
  3.5410
  3.5409
  3.5413
  3.5412
  3.5414
  3.5410
  3.5410
  3.5408
  3.5408
  3.5409
  3.5411
  3.5409
  3.5408
  3.5409
  3.5409
  3.5610
  3.5411
  3.5406
  3.5407
  3.5410
  3.5408
  3.5407
  3.5407
  3.5408
  3.5408
  3.5407
  3.5404
  3.5412
  3.5406
  3.5462
  3.5415
  3.5406
  3.5407
  3.5407
  3.5407
  3.5413
  3.5410
  3.5408
  3.5406
  3.5409
  3.5576
  3.5412
  3.5411
  3.5404
  3.5409
  3.5420
  3.5409
  3.5407
  3.5407
  3.5415
  3.5407
  3.5410
  3.5408
  3.5406
  3.5408
  3.5408
  3.5407
  3.5409
  3.5408
  3.5409
  3.5421
  3.5408
  3.5408
  3.5406
  3.5405
  3.5609
  3.5405
  3.5406
  3.5406
  3.5410
  3.5405
  3.5406
  3.5407
  3.5404
  3.5409
  3.5406
  3.5408
  3.5406
  3.5410
  3.5417
  3.5411
  3.5410
  3.5409
  3.5409
  3.5408
  3.5410
  3.5410
  3.5410
  3.5406
  3.5409
  3.5408
