  1.2246
  1.2089
  1.2022
  1.2037
  1.2113
  1.2024
  1.2063
  1.2106
  1.2089
  1.2038
  1.2056
  1.2064
  1.2058
  1.2300
  1.2056
  1.2090
  1.2038
  1.2011
  1.2017
  1.2058
  1.2003
  1.2066
  1.2059
  1.2031
  1.2078
  1.2022
  1.2026
  1.2135
  1.2131
  1.2064
  1.2041
  1.2060
  1.2031
  1.2086
  1.2123
  1.2070
  1.2049
  1.2099
  1.2076
  1.2146
  1.2100
  1.2129
  1.2113
  1.2038
  1.2123
  1.2005
  1.2092
  1.2071
  1.2144
  1.2051
  1.2084
  1.2051
  1.2133
  1.2198
  1.2075
  1.2065
  1.2058
  1.2090
  1.2084
  1.2079
  1.2040
  1.2137
  1.2139
  1.2191
  1.2137
  1.2039
  1.2089
  1.2162
  1.2073
  1.2074
  1.2058
  1.2059
  1.2034
  1.2112
  1.2067
  1.2050
  1.2073
  1.2069
  1.2111
  1.2040
  1.2085
  1.2092
  1.2134
  1.2068
  1.2014
  1.2124
  1.2015
  1.2095
  1.2086
  1.2071
  1.2195
  1.2110
  1.2110
  1.2049
  1.2083
  1.2065
  1.2072
  1.2035
  1.2079
  1.2088
