  0.9511
  0.9450
  0.9482
  0.9217
  0.9414
  0.9412
  0.9186
  0.9455
  0.9433
  0.9372
  0.9404
  0.9409
  0.9334
  0.9394
  0.9451
  0.9446
  0.9396
  0.9201
  0.9267
  0.9372
  0.9481
  0.9474
  0.9506
  0.9504
  0.9250
  0.9336
  0.9413
  0.9358
  0.9363
  0.9398
  0.9410
  0.9395
  0.9399
  0.9367
  0.9391
  0.9377
  0.9264
  0.9438
  0.9340
  0.9420
  0.9431
  0.9435
  0.9293
  0.9499
  0.9405
  0.9350
  0.9362
  0.9409
  0.9451
  0.9432
  0.9412
  0.9380
  0.9381
  0.9404
  0.9418
  0.9404
  0.9392
  0.9382
  0.9393
  0.9384
  0.9428
  0.9405
  0.9438
  0.9372
  0.9401
  0.9425
  0.9429
  0.9443
  0.9425
  0.9386
  0.9407
  0.9376
  0.9374
  0.9410
  0.9415
  0.9405
  0.9431
  0.9466
  0.9419
  0.9447
  0.9437
  0.9404
  0.9404
  0.9431
  0.9408
  0.9393
  0.9384
  0.9313
  0.9363
  0.9433
  0.9389
  0.9383
  0.9410
  0.9474
  0.9419
  0.9476
  0.9451
  0.9225
  0.9275
  0.9428
