8 0.14792 80.30719
8 0.14816 78.70083
8 0.14873 79.30172
8 0.14916 78.63695
8 0.14736 81.35902
8 0.14943 77.64800
8 0.14916 78.49520
8 0.14851 78.49109
8 0.14942 78.72926
8 0.14672 79.49928
8 0.14981 79.07909
8 0.14994 77.85336
8 0.14788 79.91209
8 0.15044 79.00894
8 0.14781 78.97821
8 0.14992 77.70756
8 0.14849 80.01654
8 0.14825 78.60210
8 0.14751 80.16560
8 0.15231 78.95276
8 0.14887 79.07271
8 0.14977 78.57093
8 0.14894 78.81305
8 0.14805 79.80446
8 0.14803 79.40601
8 0.14829 80.96994
8 0.14988 79.15690
8 0.14949 78.82022
8 0.14977 78.71675
8 0.14914 79.40776
8 0.14918 79.22781
8 0.14807 80.48130
8 0.14853 80.10664
8 0.14884 79.66537
8 0.14732 78.98817
8 0.14863 78.78519
8 0.14964 77.54597
8 0.14747 81.20436
8 0.14847 78.08679
8 0.15245 78.50375
8 0.14727 81.25988
8 0.14893 78.29218
8 0.14901 79.94031
8 0.14987 78.04330
8 0.14823 79.49977
8 0.14896 80.05734
8 0.14929 80.01351
8 0.14759 80.99775
8 0.14797 79.94140
8 0.14825 80.10717
8 0.15148 76.94143
8 0.14740 80.28704
8 0.14853 78.14924
8 0.14956 79.91398
8 0.14883 80.10457
8 0.15107 78.77287
8 0.14834 79.90217
8 0.15049 79.72720
8 0.14696 81.19904
8 0.14884 80.27945
8 0.14926 80.25561
8 0.14867 79.24017
8 0.14745 79.98973
8 0.14956 78.44398
8 0.15244 76.45087
8 0.14872 79.54573
8 0.15021 80.19966
8 0.14785 79.58441
8 0.14879 78.45483
8 0.14760 80.33727
8 0.15003 79.66312
8 0.14765 80.66331
8 0.15017 77.49160
8 0.15095 77.55149
8 0.14863 79.75251
8 0.14870 79.05526
8 0.14811 79.01504
8 0.14936 79.15984
8 0.14881 78.40276
8 0.14844 78.65968
8 0.14871 79.01316
8 0.14937 79.39679
8 0.14946 78.87769
8 0.14815 78.98012
8 0.14814 80.01537
8 0.15006 77.48912
8 0.14826 79.75912
8 0.14740 78.75817
8 0.14722 79.43227
8 0.15062 77.29700
8 0.14781 80.76864
8 0.14919 80.09131
8 0.14911 77.66438
8 0.14884 78.55885
8 0.14766 81.08221
8 0.14945 80.56428
8 0.14865 80.35493
8 0.14738 80.51616
8 0.14884 78.76340
8 0.15045 79.10278
