7 0.55926 93.52853
7 0.55843 93.49738
7 0.55823 93.64774
7 0.55806 93.82101
7 0.55725 93.68052
7 0.55789 93.56518
7 0.55747 93.55090
7 0.55793 93.40816
7 0.55686 93.64691
7 0.55781 93.52612
7 0.55892 93.36175
7 0.55808 93.42591
7 0.55769 93.57258
7 0.55912 93.43714
7 0.55771 93.05764
7 0.55733 93.73946
7 0.55834 93.29890
7 0.55785 93.76523
7 0.56165 92.79352
7 0.55884 93.46742
7 0.55898 93.48004
7 0.56129 92.57209
7 0.55773 93.69954
7 0.55807 93.24225
7 0.55721 93.54718
7 0.55922 93.54321
7 0.55856 93.15814
7 0.55911 92.88068
7 0.55693 93.58904
7 0.55787 93.28018
7 0.55774 93.62308
7 0.55856 92.86572
7 0.55744 92.97351
7 0.55748 93.70180
7 0.55653 93.88830
7 0.55832 93.35107
7 0.55940 93.12486
7 0.55756 93.41592
7 0.55836 92.95055
7 0.55869 93.43468
7 0.55841 93.09769
7 0.55721 93.32212
7 0.55807 93.51868
7 0.55873 93.04934
7 0.55786 93.60757
7 0.55953 93.39574
7 0.55784 93.38231
7 0.55795 93.58481
7 0.55936 92.74634
7 0.55764 93.40284
7 0.55975 93.05060
7 0.55801 93.49816
7 0.56108 93.09145
7 0.55842 92.93393
7 0.55755 93.61942
7 0.55785 93.62912
7 0.55802 93.35786
7 0.55863 93.06434
7 0.55917 93.50304
7 0.55852 93.18779
7 0.55755 93.08760
7 0.55986 93.08067
7 0.55817 93.67100
7 0.55770 93.02504
7 0.55833 93.37756
7 0.55837 93.32053
7 0.55970 93.53302
7 0.55875 93.51804
7 0.55843 93.07395
7 0.55815 93.21810
7 0.55844 93.56563
7 0.55852 93.55984
7 0.56016 92.88073
7 0.55742 93.56686
7 0.55855 93.59618
7 0.56059 92.73590
7 0.55834 93.24117
7 0.55721 93.90117
7 0.55725 93.93943
7 0.55782 93.33915
7 0.55778 93.11295
7 0.55833 93.29024
7 0.55854 93.46093
7 0.55858 93.57966
7 0.55799 93.26515
7 0.56033 93.06997
7 0.55803 93.51765
7 0.55841 93.51891
7 0.55779 93.46858
7 0.55784 93.00382
7 0.56213 92.77969
7 0.55734 93.61805
7 0.55643 93.37651
7 0.55842 93.46103
7 0.55745 93.74159
7 0.55787 93.38630
7 0.55998 93.31103
7 0.55835 93.42987
7 0.55850 92.85402
7 0.55848 93.59610
