5 0.05040 39.11919
5 0.05360 36.52463
5 0.05525 35.55189
5 0.05127 38.10969
5 0.05176 38.71062
5 0.05141 38.32727
5 0.05345 38.00051
5 0.05021 40.55829
5 0.05089 39.05572
5 0.05187 37.78461
5 0.05600 35.28312
5 0.05111 38.73413
5 0.05697 34.85141
5 0.05037 38.34324
5 0.05302 37.65000
5 0.05197 37.40274
5 0.05163 38.47027
5 0.05271 36.69655
5 0.05059 39.13343
5 0.05480 36.14688
5 0.05079 38.59616
5 0.05091 39.38854
5 0.05082 38.97799
5 0.05084 38.19233
5 0.05694 34.46762
5 0.05230 37.99025
5 0.05363 36.61909
5 0.05132 37.89071
5 0.05416 36.90753
5 0.05365 36.75534
5 0.04998 39.52340
5 0.05120 38.88684
5 0.05179 37.78450
5 0.04988 38.99255
5 0.05134 38.80504
5 0.05280 37.64044
5 0.05183 37.60981
5 0.05198 37.52480
5 0.05555 36.06445
5 0.05420 36.13257
5 0.05248 37.04648
5 0.05103 38.94108
5 0.04945 39.19668
5 0.05210 37.71739
5 0.05114 39.13851
5 0.05415 36.04035
5 0.05207 37.33632
5 0.05266 37.36598
5 0.04948 39.47353
5 0.05400 36.27315
5 0.05159 38.57730
5 0.04974 39.54288
5 0.04890 40.71966
5 0.05484 35.67298
5 0.05058 37.89830
5 0.05291 37.24865
5 0.05449 35.71440
5 0.05008 38.57145
5 0.05067 39.50129
5 0.05189 38.82274
5 0.05303 37.52983
5 0.05109 38.95035
5 0.05217 37.24696
5 0.05599 34.61275
5 0.05462 37.26380
5 0.05028 39.43178
5 0.05134 37.64739
5 0.05073 39.13829
5 0.05391 37.33741
5 0.05143 38.70806
5 0.05069 37.94047
5 0.05290 37.87026
5 0.05294 36.67291
5 0.05189 37.32002
5 0.05154 38.59459
5 0.05196 36.87090
5 0.05492 36.21395
5 0.05452 36.53573
5 0.05089 38.97532
5 0.05060 39.44863
5 0.05002 39.53022
5 0.05160 38.66352
5 0.05035 39.82556
5 0.05055 39.32096
5 0.05209 36.91708
5 0.05359 36.58603
5 0.04987 39.35533
5 0.05244 37.96383
5 0.05359 37.15555
5 0.06076 32.94124
5 0.05499 35.85879
5 0.05191 38.22481
5 0.05489 35.72010
5 0.05467 35.15190
5 0.05194 37.39069
5 0.05670 34.89455
5 0.05354 36.32273
5 0.05728 34.78452
5 0.05477 35.76625
5 0.05523 36.04940
