2 7.37085 99.78045
2 7.37185 99.77978
2 7.37183 99.81604
2 7.37122 99.93114
2 7.37130 99.78243
2 7.37011 99.97029
2 7.37482 99.86588
2 7.36839 99.96926
2 7.36792 99.92384
2 7.36802 99.96042
2 7.36768 99.87830
2 7.36887 99.99093
2 7.36846 99.81259
2 7.37125 99.82960
2 7.37216 99.75514
2 7.37189 99.78904
2 7.37120 99.84111
2 7.37103 99.78548
2 7.37196 99.89584
2 7.36902 99.99707
2 7.36965 99.80994
2 7.36885 99.83753
2 7.36766 99.98088
2 7.36829 99.99672
2 7.36904 99.83025
2 7.36962 99.87013
2 7.36943 99.85675
2 7.37109 99.88417
2 7.37157 99.80963
2 7.37194 99.94606
2 7.36762 99.94121
2 7.36757 99.91187
2 7.36777 99.96996
2 7.36627 99.86675
2 7.36682 99.87250
2 7.36814 99.90960
2 7.37071 99.84079
2 7.37053 99.80537
2 7.37211 99.90624
2 7.37056 99.90946
2 7.37243 99.81476
2 7.37150 99.93177
2 7.37193 99.79251
2 7.37094 99.93937
2 7.37130 99.93384
2 7.37165 99.93102
2 7.37162 99.93946
2 7.37102 99.80190
2 7.37248 99.84784
2 7.37179 99.93222
2 7.37069 99.97264
2 7.37098 99.81485
2 7.37093 99.81962
2 7.36998 99.85107
2 7.36582 99.98607
2 7.36672 99.87394
2 7.36873 99.79454
2 7.37109 99.85770
2 7.37172 99.94442
2 7.37123 99.89526
2 7.37172 99.80986
2 7.37044 99.90418
2 7.37152 99.81656
2 7.37121 99.88755
2 7.37081 99.77859
2 7.37193 99.94279
2 7.36944 99.90833
2 7.37057 99.77626
2 7.37053 99.83142
2 7.37090 99.87396
2 7.37136 99.92691
2 7.37067 99.81186
2 7.36983 99.81733
2 7.36916 99.98390
2 7.36708 99.87142
2 7.36943 99.96058
2 7.36997 99.88464
2 7.37081 99.86605
2 7.37157 99.80153
2 7.37199 99.92232
2 7.37079 99.94387
2 7.37187 99.84102
2 7.37147 99.78640
2 7.37158 99.92389
2 7.37092 99.89611
2 7.36944 99.89726
2 7.37123 99.87745
2 7.37048 99.78032
2 7.37167 99.77763
2 7.37102 99.80425
2 7.37124 99.84472
2 7.37143 99.91893
2 7.36677 99.89865
2 7.36781 99.96686
2 7.36806 99.86852
2 7.36955 99.85811
2 7.36929 99.71473
2 7.37136 99.82323
2 7.37140 99.80977
2 7.37209 99.91036
