6 0.06973 65.35967
6 0.07060 65.59117
6 0.06856 65.22512
6 0.07126 62.72978
6 0.07410 60.30938
6 0.06864 67.44085
6 0.07183 65.56019
6 0.07373 64.92165
6 0.07508 60.15032
6 0.07347 61.79486
6 0.07454 60.93296
6 0.06971 62.49715
6 0.07117 63.03640
6 0.07121 66.43747
6 0.07335 60.54668
6 0.06815 64.67140
6 0.06981 62.91031
6 0.07163 65.84287
6 0.07193 66.23787
6 0.07074 62.78733
6 0.07195 66.82753
6 0.07292 60.57281
6 0.07260 61.79101
6 0.06998 65.31120
6 0.06989 68.46264
6 0.07281 60.44247
6 0.07262 64.56602
6 0.07284 64.02091
6 0.06958 63.26242
6 0.07127 67.01515
6 0.07222 61.38929
6 0.07037 63.25493
6 0.06952 63.75484
6 0.07193 62.15234
6 0.06934 63.42346
6 0.06944 63.16797
6 0.07139 63.18269
6 0.06842 69.08402
6 0.07054 63.96821
6 0.07127 62.44832
6 0.06812 68.68363
6 0.06961 66.73523
6 0.07278 63.72003
6 0.07179 66.42460
6 0.07151 64.60857
6 0.07279 64.73659
6 0.07261 65.57165
6 0.07157 60.84901
6 0.07069 63.07159
6 0.06936 64.05045
6 0.07388 59.45563
6 0.07318 60.73807
6 0.07079 66.01070
6 0.06917 68.25457
6 0.06807 69.94595
6 0.07053 64.89358
6 0.07023 64.67780
6 0.07111 63.07768
6 0.06931 65.60783
6 0.06892 67.50255
6 0.06886 67.40369
6 0.06940 66.84661
6 0.06889 66.24236
6 0.06876 65.61437
6 0.06878 68.01496
6 0.06864 65.41850
6 0.07267 59.85728
6 0.06963 65.78712
6 0.07406 64.59822
6 0.07118 64.33756
6 0.06914 62.42135
6 0.07224 63.90878
6 0.06834 66.29871
6 0.07253 61.60885
6 0.06921 63.96920
6 0.07116 63.43858
6 0.07311 62.09354
6 0.06997 63.72677
6 0.07274 62.61530
6 0.06857 68.13304
6 0.06791 68.81076
6 0.06769 67.74883
6 0.07091 63.59215
6 0.07229 64.97242
6 0.06883 66.27914
6 0.07204 61.67804
6 0.07171 61.57543
6 0.07048 67.89438
6 0.06982 67.09722
6 0.06812 63.68513
6 0.07365 59.42035
6 0.07079 64.73752
6 0.07050 66.56546
6 0.06930 63.63963
6 0.07327 61.53825
6 0.07193 66.36286
6 0.06754 67.34846
6 0.06902 68.49736
6 0.07334 60.80921
6 0.07173 65.82133
