8 0.05774 60.78670
8 0.05797 60.53565
8 0.05847 58.23734
8 0.06563 54.63133
8 0.06498 53.21364
8 0.05889 61.98841
8 0.06428 52.55762
8 0.06272 55.70231
8 0.05926 61.57982
8 0.05924 62.40452
8 0.06271 54.98612
8 0.06279 54.46301
8 0.06197 55.38042
8 0.05633 63.69679
8 0.06395 58.03159
8 0.06379 53.80787
8 0.06085 55.22180
8 0.06565 53.70784
8 0.06017 62.51206
8 0.05925 61.42606
8 0.06066 59.00171
8 0.06196 54.59396
8 0.06228 56.43667
8 0.06092 61.12230
8 0.06440 54.26189
8 0.06172 54.67234
8 0.06179 58.41165
8 0.06171 59.47580
8 0.05993 61.17405
8 0.06206 57.89123
8 0.05777 60.77600
8 0.06947 53.33704
8 0.05891 61.11696
8 0.06055 56.21748
8 0.06341 55.67536
8 0.05840 63.90019
8 0.06112 59.95812
8 0.06343 55.11173
8 0.06020 61.35316
8 0.06180 54.67686
8 0.06165 55.55992
8 0.05830 57.37310
8 0.06317 58.07155
8 0.06189 54.48392
8 0.06755 53.75483
8 0.06166 57.25453
8 0.05925 56.83929
8 0.05749 63.05002
8 0.06434 57.70893
8 0.06307 55.39001
8 0.06291 54.84214
8 0.06228 59.93403
8 0.05910 59.42293
8 0.06537 52.01372
8 0.06488 57.15112
8 0.06245 55.68480
8 0.05818 62.48276
8 0.06160 59.73934
8 0.06156 58.62912
8 0.05909 56.55949
8 0.06083 59.26649
8 0.06116 58.94743
8 0.05908 62.70379
8 0.06499 52.10257
8 0.06077 57.72693
8 0.05832 63.14004
8 0.06382 57.37334
8 0.06655 53.61889
8 0.06755 53.60432
8 0.06068 58.15295
8 0.06277 58.49053
8 0.05776 60.37828
8 0.05757 63.68119
8 0.06385 58.30583
8 0.06246 56.86244
8 0.05673 58.77351
8 0.05648 61.77802
8 0.06170 58.91367
8 0.06224 55.17127
8 0.06746 54.03714
8 0.06241 54.88148
8 0.05631 59.31106
8 0.06788 50.13088
8 0.05951 57.11025
8 0.05777 58.68310
8 0.06051 61.32088
8 0.06044 55.08071
8 0.05836 61.31159
8 0.06533 56.88673
8 0.06260 53.57787
8 0.05945 60.47621
8 0.06453 56.63236
8 0.05939 62.07532
8 0.06001 57.68561
8 0.06570 52.55901
8 0.05937 62.50936
8 0.06010 57.38367
8 0.06341 58.64653
8 0.06274 53.66124
8 0.06318 55.82099
