5 11.735205
5 11.739690
5 11.736821
5 11.738400
5 11.733980
5 11.744458
5 11.743141
5 11.740169
5 11.741469
5 11.737513
5 11.740455
5 11.738191
5 11.742235
5 11.739833
5 11.738312
5 11.738028
5 11.739344
5 11.745266
5 11.741860
5 11.739323
5 11.737629
5 11.742409
5 11.736127
5 11.736037
5 11.736464
5 11.736489
5 11.737692
5 11.740474
5 11.736958
5 11.742375
5 11.739819
5 11.736639
5 11.739724
5 11.740390
5 11.741270
5 11.737491
5 11.733469
5 11.735794
5 11.738902
5 11.742870
5 11.736151
5 11.738562
5 11.746343
5 11.746193
5 11.738585
5 11.740128
5 11.736322
5 11.742707
5 11.735723
5 11.740915