6 13.573297
6 13.574346
6 13.575328
6 13.578585
6 13.577740
6 13.575433
6 13.576168
6 13.573600
6 13.576238
6 13.574718
6 13.576038
6 13.577964
6 13.578325
6 13.573792
6 13.577966
6 13.576311
6 13.576866
6 13.578611
6 13.576662
6 13.575532
6 13.576568
6 13.577394
6 13.579494
6 13.578080
6 13.581254
6 13.575835
6 13.577659
6 13.574401
6 13.576697
6 13.575861
6 13.576128
6 13.578628
6 13.576706
6 13.580026
6 13.582685
6 13.578253
6 13.573780
6 13.577345
6 13.584253
6 13.580476
6 13.576791
6 13.581003
6 13.578924
6 13.581075
6 13.577450
6 13.586352
6 13.578559
6 13.580351
6 13.575340
6 13.582844