7 15.814525
7 15.808807
7 15.815879
7 15.812223
7 15.811257
7 15.815746
7 15.809340
7 15.809737
7 15.810355
7 15.812945
7 15.814601
7 15.813685
7 15.816336
7 15.811327
7 15.814656
7 15.809658
7 15.812016
7 15.814242
7 15.818817
7 15.810029
7 15.815495
7 15.811033
7 15.807875
7 15.810840
7 15.810484
7 15.812886
7 15.815969
7 15.812743
7 15.812025
7 15.812681
7 15.810983
7 15.809964
7 15.810380
7 15.810551
7 15.811000
7 15.810282
7 15.810103
7 15.810535
7 15.814063
7 15.810129
7 15.811075
7 15.814262
7 15.810808
7 15.812340
7 15.810546
7 15.812316
7 15.809039
7 15.810153
7 15.808113
7 15.810538