8 18.396660
8 18.370273
8 18.377563
8 18.377874
8 18.378729
8 18.376647
8 18.377528
8 18.380801
8 18.374693
8 18.379953
8 18.377047
8 18.380905
8 18.381543
8 18.377849
8 18.378845
8 18.376547
8 18.383076
8 18.377199
8 18.379580
8 18.380159
8 18.380086
8 18.382924
8 18.380050
8 18.382397
8 18.381095
8 18.380785
8 18.382189
8 18.381643
8 18.379679
8 18.381238
8 18.381108
8 18.381823
8 18.378096
8 18.377665
8 18.377839
8 18.377986
8 18.379979
8 18.379812
8 18.378878
8 18.378869
8 18.377381
8 18.378738
8 18.377870
8 18.378764
8 18.377506
8 18.380062
8 18.378885
8 18.377159
8 18.376604
8 18.378695