1 2.440189
1 2.439690
1 2.440057
1 2.436129
1 2.439649
1 2.440148
1 2.439911
1 2.439702
1 2.440453
1 2.440052
1 2.439823
1 2.439530
1 2.439744
1 2.439622
1 2.434359
1 2.439525
1 2.440566
1 2.439854
1 2.440557
1 2.439218
1 2.439440
1 2.440083
1 2.439808
1 2.439872
1 2.439472
1 2.439370
1 2.439592
1 2.440081
1 2.439785
1 2.439860
1 2.439826
1 2.439611
1 2.440219
1 2.439166
1 2.439731
1 2.439109
1 2.439913
1 2.439959
1 2.436634
1 2.439898
1 2.439884
1 2.427974
1 2.438619
1 2.439593
1 2.439808
1 2.439585
1 2.440019
1 2.440294
1 2.440455
1 2.439782
1 2.425335