2 4.839564
2 4.839060
2 4.840279
2 4.842734
2 4.843876
2 4.844778
2 4.848233
2 4.843927
2 4.848481
2 4.851577
2 4.851586
2 4.847650
2 4.833298
2 4.837681
2 4.852089
2 4.852307
2 4.836529
2 4.851950
2 4.852242
2 4.852212
2 4.852232
2 4.844499
2 4.849318
2 4.837519
2 4.852527
2 4.850911
2 4.846608
2 4.846667
2 4.852257
2 4.852010
2 4.841823
2 4.852275
2 4.849012
2 4.851106
2 4.829536
2 4.852225
2 4.844963
2 4.851971
2 4.846029
2 4.844464
2 4.835569
2 4.852207
2 4.833017
2 4.852206
2 4.852185
2 4.851305
2 4.851987
2 4.834774
2 4.852214
2 4.852451