3 7.021487
3 7.024067
3 7.023010
3 7.024603
3 7.023897
3 7.021817
3 7.023337
3 7.026855
3 7.027001
3 7.024101
3 7.025745
3 7.030844
3 7.033226
3 7.028845
3 7.023541
3 7.025187
3 7.026716
3 7.028366
3 7.031489
3 7.025546
3 7.021674
3 7.029532
3 7.026476
3 7.025743
3 7.031004
3 7.029566
3 7.028962
3 7.023305
3 7.031655
3 7.024130
3 7.028219
3 7.029213
3 7.025921
3 7.022931
3 7.025206
3 7.024488
3 7.023983
3 7.026000
3 7.023672
3 7.025128
3 7.025832
3 7.023042
3 7.023387
3 7.027087
3 7.024376
3 7.026130
3 7.024424
3 7.023006
3 7.028743
3 7.029361