4 9.669298
4 9.669362
4 9.671914
4 9.661541
4 9.665112
4 9.667150
4 9.667856
4 9.667891
4 9.663552
4 9.667467
4 9.672456
4 9.663335
4 9.668817
4 9.667700
4 9.665581
4 9.661958
4 9.667302
4 9.664740
4 9.662809
4 9.663143
4 9.661856
4 9.664896
4 9.665892
4 9.667418
4 9.662742
4 9.664941
4 9.657284
4 9.662148
4 9.664947
4 9.659923
4 9.674379
4 9.666747
4 9.667911
4 9.664540
4 9.673643
4 9.664971
4 9.668888
4 9.671114
4 9.668708
4 9.664461
4 9.664255
4 9.669911
4 9.667451
4 9.665353
4 9.664671
4 9.663989
4 9.666480
4 9.666869
4 9.670475
4 9.663769