2 5.793841
2 932985.082045
2 5.878495
2 946616.943091
2 5.719851
2 921070.375972
2 5.949933
2 958120.581462
2 5.853351
2 942567.979784
2 5.800536
2 934063.218243
2 5.796134
2 933354.309812
2 5.721882
2 921397.457891
2 5.878119
2 946556.433302
2 5.721160
2 921281.238380
2 5.815509
2 936474.333672
2 5.884946
2 947655.742602
2 5.719927
2 921082.604329
2 5.718971
2 920928.761774
2 5.797117
2 933512.682993
2 5.963714
2 960339.763511
2 5.880402
2 946924.073600
2 5.825775
2 938127.502494
2 5.789804
2 932334.977260
2 5.852842
2 942486.096087
2 5.859299
2 943525.801680
2 5.853567
2 942602.751648
2 5.761886
2 927839.391776
2 5.832546
2 939217.814110
2 5.850919
2 942176.440741
2 5.877158
2 946401.687428
2 5.787610
2 931981.749723
2 5.747446
2 925514.059081
2 5.771246
2 929346.514245
2 5.886152
2 947850.028888
2 5.707689
2 919111.917319
2 5.703370
2 918416.466692
2 5.757551
2 927141.276524
2 6.060108
2 975862.111099
2 5.752485
2 926325.550851
2 5.972521
2 961758.051499
2 5.914953
2 952487.776084
2 5.998040
2 965867.333917
2 5.935887
2 955858.895980
2 5.836844
2 939909.857696
2 5.704371
2 918577.707751
2 5.879714
2 946813.227424
2 5.799003
2 933816.294376
2 6.017055
2 968929.347451
2 5.804023
2 934624.663716
2 5.767991
2 928822.381061
2 6.072794
2 977904.998524
2 6.106112
2 983270.194209
2 5.864174
2 944310.830764
2 5.947103
2 957664.889948
