3 9.111722
3 1467289.900378
3 9.069023
3 1460413.987250
3 9.018468
3 1452272.910790
3 8.994311
3 1448382.724386
3 9.030819
3 1454261.738454
3 9.068075
3 1460261.269327
3 9.056682
3 1458426.526824
3 9.090560
3 1463882.069579
3 9.137876
3 1471501.585970
3 9.084263
3 1462868.015425
3 9.233033
3 1486824.989801
3 9.084374
3 1462885.980944
3 9.123896
3 1469250.209853
3 9.040190
3 1455770.887120
3 9.090262
3 1463834.057272
3 9.122492
3 1469024.232683
3 9.104766
3 1466169.723785
3 9.055417
3 1458222.911436
3 9.191273
3 1480100.280637
3 9.082448
3 1462575.834647
3 9.067116
3 1460106.771890
3 9.196228
3 1480898.122072
3 9.197077
3 1481034.854994
3 9.174324
3 1477370.892243
3 8.985509
3 1446965.392796
3 9.121298
3 1468831.979786
3 9.173147
3 1477181.398311
3 9.047069
3 1456878.631434
3 9.089664
3 1463737.764130
3 9.198869
3 1481323.477850
3 9.139862
3 1471821.420823
3 9.081108
3 1462360.009867
3 9.141980
3 1472162.435516
3 9.164738
3 1475827.263863
3 9.159183
3 1474932.707160
3 9.001083
3 1449473.238070
3 9.120995
3 1468783.137332
3 9.043228
3 1456260.079619
3 9.179300
3 1478172.226120
3 9.076326
3 1461589.900425
3 8.983369
3 1446620.814638
3 9.067962
3 1460243.013816
3 9.110493
3 1467091.964880
3 9.155598
3 1474355.332814
3 9.001010
3 1449461.509915
3 8.966814
3 1443954.930330
3 9.154067
3 1474108.745768
3 9.318723
3 1500623.856347
3 9.176611
3 1477739.159792
3 9.093797
3 1464403.369862
