4 12.393460
4 1995775.453779
4 12.510929
4 2014692.079779
4 12.188172
4 1962717.117810
4 12.383103
4 1994107.730030
4 12.617097
4 2031788.809586
4 12.629261
4 2033747.596708
4 12.466697
4 2007569.195723
4 12.232589
4 1969869.673751
4 12.387621
4 1994835.200350
4 12.518197
4 2015862.459500
4 12.574012
4 2024850.641865
4 12.592571
4 2027839.308998
4 12.582280
4 2026182.093663
4 12.506450
4 2013970.872127
4 12.592033
4 2027752.597602
4 12.370184
4 1992027.281274
4 12.425368
4 2000913.872014
4 12.325297
4 1984798.902143
4 12.514881
4 2015328.572502
4 12.287506
4 1978713.276212
4 12.345085
4 1987985.474405
4 12.488709
4 2011113.840031
4 12.444117
4 2003933.031016
4 12.491913
4 2011629.884731
4 12.448705
4 2004671.881154
4 12.328338
4 1985288.609817
4 12.518935
4 2015981.421418
4 12.311788
4 1982623.585100
4 12.527452
4 2017352.823689
4 12.342006
4 1987489.717698
4 12.316329
4 1983354.720243
4 12.405433
4 1997703.649200
4 12.483300
4 2010242.888162
4 12.339372
4 1987065.483247
4 12.405099
4 1997649.748428
4 12.296394
4 1980144.547466
4 12.309843
4 1982310.374592
4 12.264278
4 1974972.720808
4 12.402492
4 1997229.994140
4 12.395851
4 1996160.575700
4 12.412277
4 1998805.756691
4 12.217375
4 1967419.819927
4 12.340482
4 1987244.268719
4 12.347208
4 1988327.319822
4 12.335820
4 1986493.541811
4 12.277161
4 1977047.345993
4 12.264408
4 1974993.773959
4 12.362925
4 1990858.393082
4 12.257078
4 1973813.280688
4 12.353344
4 1989315.499994
