5 15.531244
5 2501079.866753
5 15.668767
5 2523226.028489
5 15.659026
5 2521657.389635
5 15.728735
5 2532883.026839
5 15.699732
5 2528212.357746
5 15.672205
5 2523779.580509
5 15.552749
5 2504542.923622
5 15.656802
5 2521299.171590
5 15.732227
5 2533445.313246
5 15.758101
5 2537611.910646
5 15.555982
5 2505063.527075
5 15.670134
5 2523446.157058
5 15.610905
5 2513908.166885
5 15.705661
5 2529167.167976
5 15.725134
5 2532302.984824
5 15.527031
5 2500401.425027
5 15.591506
5 2510784.202985
5 15.575695
5 2508238.030755
5 15.683613
5 2525616.690357
5 15.775182
5 2540362.553141
5 15.673938
5 2524058.682144
5 15.703232
5 2528776.083831
5 15.674346
5 2524124.354767
5 15.515054
5 2498472.718059
5 15.693879
5 2527269.950827
5 15.678319
5 2524764.182334
5 15.708048
5 2529551.685188
5 15.587678
5 2510167.724121
5 15.685878
5 2525981.498473
5 15.686487
5 2526079.560837
5 15.710395
5 2529929.637237
5 15.696026
5 2527615.581939
5 15.672261
5 2523788.672264
5 15.688141
5 2526345.913228
5 15.605781
5 2513083.053621
5 15.641772
5 2518878.854106
5 15.737625
5 2534314.542834
5 15.700014
5 2528257.893106
5 15.726778
5 2532567.800600
5 15.633235
5 2517504.053245
5 15.686868
5 2526140.836881
5 15.667577
5 2523034.382410
5 15.603127
5 2512655.691633
5 15.705259
5 2529102.513558
5 15.723483
5 2532037.238053
5 15.644110
5 2519255.306868
5 15.704681
5 2529009.396072
5 15.785112
5 2541961.648320
5 15.652164
5 2520552.299438
5 15.672991
5 2523906.167123
