6 19.049667
6 3067680.806027
6 19.033389
6 3065059.483727
6 18.911827
6 3045483.685344
6 18.837372
6 3033493.702466
6 18.871431
6 3038978.443106
6 19.001642
6 3059947.137253
6 18.952757
6 3052074.944635
6 19.102774
6 3076233.044721
6 18.935794
6 3049343.175033
6 18.895470
6 3042849.695531
6 18.861568
6 3037390.139509
6 18.919180
6 3046667.809685
6 19.043961
6 3066761.989225
6 19.024415
6 3063614.334505
6 18.979136
6 3056322.891927
6 19.000260
6 3059724.542167
6 18.953315
6 3052164.736781
6 18.855425
6 3036400.966468
6 18.841383
6 3034139.641158
6 18.825296
6 3031549.064779
6 18.841715
6 3034193.201423
6 18.904030
6 3044228.153836
6 19.010577
6 3061386.026718
6 18.934936
6 3049204.987973
6 18.877394
6 3039938.812452
6 18.928800
6 3048216.870837
6 19.019249
6 3062782.489859
6 18.978763
6 3056262.819171
6 19.077219
6 3072117.718226
6 18.878369
6 3040095.742817
6 19.004157
6 3060352.071239
6 18.965192
6 3054077.407761
6 18.945660
6 3050931.976919
6 18.868843
6 3038561.712207
6 19.052548
6 3068144.859911
6 18.957098
6 3052773.885437
6 18.898902
6 3043402.272413
6 18.870849
6 3038884.711168
6 18.789547
6 3025792.170974
6 18.965824
6 3054179.150356
6 19.009457
6 3061205.633152
6 19.006719
6 3060764.644967
6 18.882767
6 3040803.992104
6 18.987168
6 3057616.240506
6 18.975257
6 3055698.237211
6 18.954086
6 3052288.907499
6 18.965101
6 3054062.752482
6 18.928686
6 3048198.551091
6 18.982103
6 3056800.627458
6 18.906843
6 3044681.104508
