7 22.037902
7 3548902.687995
7 22.070325
7 3554123.940904
7 21.957427
7 3535943.224283
7 22.063412
7 3553010.713542
7 22.114086
7 3561171.076896
7 21.990914
7 3541335.896901
7 21.949632
7 3534688.022862
7 22.065043
7 3553273.276257
7 22.005982
7 3543762.315633
7 21.942833
7 3533593.028314
7 22.052998
7 3551333.599807
7 22.073275
7 3554598.933553
7 21.987658
7 3540811.565382
7 22.074252
7 3554756.346048
7 22.027413
7 3547213.534935
7 22.131658
7 3564000.755907
7 22.104404
7 3559611.841010
7 22.011189
7 3544600.892510
7 22.083636
7 3556267.419914
7 22.029631
7 3547570.689023
7 22.021547
7 3546268.911661
7 22.067874
7 3553729.202933
7 22.031172
7 3547818.796616
7 22.012206
7 3544764.694658
7 22.049539
7 3550776.580763
7 22.051420
7 3551079.568179
7 21.879223
7 3523349.572897
7 22.061473
7 3552698.423015
7 22.026617
7 3547085.400241
7 22.057976
7 3552135.345797
7 21.933760
7 3532132.018570
7 22.043311
7 3549773.664500
7 22.050211
7 3550884.901319
7 22.053418
7 3551401.230511
7 22.054725
7 3551611.783932
7 21.974870
7 3538752.158073
7 22.043361
7 3549781.667496
7 21.971241
7 3538167.881615
7 21.925821
7 3530853.604212
7 22.104129
7 3559567.655849
7 21.973040
7 3538457.502668
7 22.010811
7 3544539.961982
7 21.968252
7 3537686.465727
7 22.002066
7 3543131.676933
7 21.938235
7 3532852.700932
7 22.046385
7 3550268.640557
7 22.065307
7 3553315.861956
7 22.124774
7 3562892.122163
7 22.139920
7 3565331.251791
7 22.074185
7 3554745.516236
