8 25.378183
8 4086816.663626
8 25.357759
8 4083527.529974
8 25.393751
8 4089323.666452
8 25.384867
8 4087892.937784
8 25.340384
8 4080729.562402
8 25.443050
8 4097262.510209
8 25.256790
8 4067267.912982
8 25.335778
8 4079987.819505
8 25.205333
8 4058981.385434
8 25.285788
8 4071937.564903
8 25.237484
8 4064158.885583
8 25.356415
8 4083311.084564
8 25.258156
8 4067487.801817
8 25.299624
8 4074165.694668
8 25.448140
8 4098082.159030
8 25.331322
8 4079270.301076
8 25.293216
8 4073133.829797
8 25.349035
8 4082122.648307
8 25.311944
8 4076149.660055
8 25.402896
8 4090796.286463
8 25.352858
8 4082738.308042
8 25.367984
8 4085174.247508
8 25.409974
8 4091936.094019
8 25.386555
8 4088164.849010
8 25.317307
8 4077013.337185
8 25.325800
8 4078381.088175
8 25.400808
8 4090460.093728
8 25.352824
8 4082732.945625
8 25.381712
8 4087384.909674
8 25.372080
8 4085833.822009
8 25.405536
8 4091221.426507
8 25.356547
8 4083332.343567
8 25.339339
8 4080561.343347
8 25.354061
8 4082932.066117
8 25.283346
8 4071544.388734
8 25.221017
8 4061507.135789
8 25.470798
8 4101730.957533
8 25.201737
8 4058402.329929
8 25.271418
8 4069623.561547
8 25.326450
8 4078485.623467
8 25.379212
8 4086982.357520
8 25.370599
8 4085595.224282
8 25.376056
8 4086474.065864
8 25.366285
8 4084900.521439
8 25.420785
8 4093677.041798
8 25.400692
8 4090441.348036
8 25.377112
8 4086644.061189
8 25.349029
8 4082121.700529
8 25.350910
8 4082424.628338
8 25.353599
8 4082857.711932
