1 2.461313
1 396326.194102
1 2.558563
1 411985.690979
1 2.440708
1 393008.351243
1 2.634375
1 424193.061371
1 2.608358
1 420003.697980
1 2.485118
1 400159.354140
1 2.598356
1 418393.218556
1 2.631288
1 423695.938116
1 2.407519
1 387664.176936
1 2.444023
1 393542.159062
1 2.404075
1 387109.664188
1 2.601157
1 418844.182230
1 2.602829
1 419113.419422
1 2.537285
1 408559.450448
1 2.471980
1 398043.895327
1 2.448547
1 394270.598496
1 2.633303
1 424020.429109
1 2.553537
1 411176.444239
1 2.502092
1 402892.639112
1 2.459680
1 396063.273864
1 2.474994
1 398529.171442
1 2.571251
1 414028.787676
1 2.632737
1 423929.319005
1 2.469688
1 397674.780281
1 2.475685
1 398640.483775
1 2.490516
1 401028.501310
1 2.473022
1 398211.716810
1 2.428383
1 391023.726793
1 2.498142
1 402256.499348
1 2.471426
1 397954.723736
1 2.449933
1 394493.872472
1 2.426705
1 390753.574647
1 2.468229
1 397439.884934
1 2.567080
1 413357.157865
1 2.470674
1 397833.553236
1 2.532239
1 407746.857862
1 2.549047
1 410453.325373
1 2.445130
1 393720.464736
1 2.634512
1 424215.064220
1 2.625059
1 422692.937625
1 2.631353
1 423706.422754
1 2.540878
1 409138.053239
1 2.457550
1 395720.276867
1 2.485373
1 400200.388619
1 2.509791
1 404132.239920
1 2.609820
1 420239.124039
1 2.509588
1 404099.530512
1 2.422244
1 390035.237554
1 2.618276
1 421600.858805
1 2.486882
1 400443.448148
