3   6.1122    35.09
3   5.4897    38.93
3   5.4510    39.12
3   5.6299    37.87
3   6.1348    34.83
3   4.7291    45.49
3   5.4400    39.44
3   5.8882    36.44
3   6.1068    35.04
3   5.4374    39.18
3   6.7964    31.48
3   6.5181    32.81
3   5.5560    38.50
3   5.4677    39.23
3   6.3233    34.12
3   5.5945    38.38
3   5.6225    38.06
3   6.1420    34.82
3   4.9881    42.79
3   6.2898    33.86
3   6.1038    34.69
3   6.1183    34.90
3   5.3163    40.37
3   5.7627    36.92
3   5.8806    36.28
3   5.8561    36.39
3   6.1220    34.63
3   6.0250    34.99
3   6.5790    31.99
3   7.4965    28.01
3   5.2752    39.95
3   5.4996    38.44
3   5.8892    35.97
3   6.1510    34.47
3   5.7509    36.58
3   6.0876    34.72
3   6.0561    34.88
3   7.0435    30.26
3   5.6771    37.37
3   5.3431    39.40
3   6.3299    33.23
3   6.3002    33.55
3   5.8143    36.40
3   6.6363    31.71
3   6.4500    32.71
3   5.8089    36.37
3   6.1277    34.54
3   6.0121    35.08
3   6.8164    30.97
3   5.8237    36.27
3   5.7404    36.93

3   6.2384    33.92
3   6.8265    31.03
3   5.9668    35.44
3   6.4125    33.12
3   6.0964    34.78
3   5.8197    36.45
3   5.4550    38.80
3   5.9607    35.48
3   5.5454    38.00
3   6.0851    34.95
3   6.2553    33.99
