1   5.0798   126.27
1   5.1063   124.87
1   5.0603   126.28
1   5.0803   126.14
1   5.0191   128.31
1   5.0654   126.78
1   4.9944   127.50
1   5.0528   126.84
1   5.0801   126.13
1   5.0438   127.11
1   5.0368   127.64
1   5.1015   126.72
1   5.0608   126.77
1   5.0508   127.24
1   5.0444   127.28
1   5.0731   126.36
1   5.0518   126.77
1   5.0305   127.74
1   5.0643   125.69
1   5.0688   126.61
1   5.0433   127.23
1   5.0439   126.77
1   5.0601   126.29
1   5.0691   127.16
1   5.0511   126.47
1   5.0682   126.71
1   5.0778   126.28
1   5.0153   126.87
1   5.0825   125.95
1   5.0308   127.81
1   5.0238   127.51
1   5.0281   127.33
1   5.0268   126.57
1   5.1170   126.32
1   5.0702   126.25
1   5.0453   127.47
1   5.0708   126.54
1   5.0782   126.05
1   5.0401   127.32
1   5.0112   127.14
1   5.0877   126.71
1   5.0618   126.75
1   5.0476   127.25
1   5.0828   126.33
1   5.0408   126.82
1   5.0278   126.90
1   5.0838   125.39
1   5.0488   127.14
1   5.0871   126.34
1   5.0048   127.89
1   5.0384   125.92
1   5.0967   125.10
1   5.0803   124.51
1   4.9947   126.12
1   4.9762   125.76
1   5.0625   124.60
1   5.0893   123.75
1   5.0254   125.94
1   5.0779   124.86
1   5.0359   125.94
1   5.1282   123.87
1   5.0761   124.47
1   5.0474   125.14
1   5.0418   124.89
1   5.0609   125.52



