4   6.8609    22.93
4   7.3368    21.72
4   7.5700    20.97
4   6.8911    23.21
4   7.6935    20.43
4   7.7675    20.37
4   5.4077    29.55
4   7.1325    22.16
4   6.9933    22.59
4   7.0198    22.41
4   5.8578    26.91
4   7.1655    22.09
4   7.0041    22.52
4   7.7627    20.27
4   6.7888    23.26
4   6.1798    25.69
4   7.2088    21.84
4   6.4715    24.50
4   8.0430    19.59
4   7.3503    21.51
4   6.7464    23.34
4   7.1983    22.16
4   7.7233    20.43
4   7.3746    21.66
4   7.0077    22.65
4   7.0296    22.73
4   6.8387    23.23
4   6.9246    22.78
4   7.1530    22.08
4   7.2467    21.76
4   7.8527    20.26
4   7.1780    22.25
4   6.5463    24.39
4   7.0318    22.55
4   7.4250    21.59
4   6.9910    22.85
4   7.7668    20.48
4   7.2020    22.13
4   7.4515    21.20
4   7.3233    21.63
4   6.4474    24.56
4   6.0660    26.35
4   7.5909    20.96
4   7.0410    22.60
4   7.2830    21.75
4   7.8734    20.22
4   6.7248    23.78
4   7.1348    22.20
4   8.0035    19.92
4   7.6768    20.624 
