2   4.7750    67.76
2   5.2584    60.80
2   4.6197    68.92
2   4.6969    67.88
2   5.0917    62.85
2   4.9139    65.24
2   4.6747    68.51
2   4.6701    68.46
2   4.9045    65.34
2   5.1211    62.49
2   4.7770    66.94
2   4.5049    70.99
2   4.6112    69.61
2   4.5762    70.23
2   4.8184    66.45
2   5.0165    63.86
2   4.6202    69.15
2   4.8409    66.14
2   4.5733    69.94
2   5.0345    63.48
2   5.0838    63.01
2   4.6374    68.40
2   5.1330    61.98
2   4.7457    67.41
2   4.6815    68.40
2   5.3785    59.58
2   4.6738    68.73
2   4.6035    69.70
2   4.8448    66.25
2   4.7662    67.27
2   5.1205    62.65
2   4.8182    65.94
2   4.6926    67.11
2   4.9125    64.78
2   5.1361    62.63
2   4.8984    65.31
2   5.3085    60.20
2   4.1369    76.99
2   4.9885    63.81
2   4.9838    64.10
2   4.9588    64.28
2   4.4311    72.05
2   4.7414    67.43
2   4.7495    67.50
2   5.2028    60.90
2   4.4460    71.97
2   4.5621    69.58
2   4.8648    65.88
2   4.6108    69.92
2   4.7611    67.13
2   4.9796    65.03

