4   0.8728    97.31
4   0.8677    98.07
4   0.8677    97.95
4   0.8676    97.86
4   0.8676    98.00
4   0.8676    98.08
4   0.8677    97.96
4   0.8675    97.97
4   0.8676    97.90
4   0.8677    98.11
4   0.8676    98.03
4   0.8677    97.93
4   0.8675    97.89
4   0.8677    97.87
4   0.8674    98.11
4   0.8676    98.00
4   0.8675    97.88
4   0.8676    98.08
4   0.8676    98.00
4   0.8675    97.90
4   0.8676    98.12
4   0.8676    98.05
4   0.8677    98.02
4   0.8676    97.93
4   0.8676    97.88
4   0.8675    97.82
4   0.8675    98.01
4   0.8678    98.01
4   0.8675    97.98
4   0.8678    97.88
4   0.8676    98.08
4   0.8676    98.01
4   0.8677    97.91
4   0.8675    97.87
4   0.8677    98.02
4   0.8675    97.99
4   0.8675    97.94
4   0.8678    97.80
4   0.8677    97.85
4   0.8676    98.11
4   0.8674    98.06
4   0.8674    97.99
4   0.8677    97.86
4   0.8675    97.84
4   0.8676    98.09
4   0.8675    98.03
4   0.8676    97.90
4   0.8677    98.09
4   0.8675    98.06
4   0.8677    98.00
