3   1.1469    98.92
3   1.1473    98.91
3   1.1466    98.69
3   1.1474    98.68
3   1.1463    98.72
3   1.1475    98.66
3   1.1466    98.81
3   1.1472    98.77
3   1.1473    98.73
3   1.1464    98.85
3   1.1468    98.90
3   1.1476    98.86
3   1.1466    98.68
3   1.1473    98.66
3   1.1465    98.80
3   1.1474    98.67
3   1.1466    98.79
3   1.1467    98.87
3   1.1466    98.92
3   1.1464    98.95
3   1.1467    98.95
3   1.1467    98.95
3   1.1466    98.75
3   1.1466    98.82
3   1.1468    98.87
3   1.1470    98.81
3   1.1464    98.89
3   1.1466    98.97
3   1.1465    99.00
3   1.1468    98.78
3   1.1465    98.86
3   1.1468    98.92
3   1.1465    98.70
3   1.1469    98.76
3   1.1466    98.76
3   1.1464    98.81
3   1.1466    98.78
3   1.1472    98.80
3   1.1473    98.81
3   1.1466    98.98
3   1.1467    98.77
3   1.1467    98.86
3   1.1468    98.88
3   1.1465    98.97
3   1.1475    98.80
3   1.1465    98.93
3   1.1464    98.99
3   1.1474    98.61
3   1.1466    98.69
3   1.1466    98.74
