1   3.3841   100.56
1   3.3840   100.36
1   3.3842   100.50
1   3.3837   100.59
1   3.3836   100.40
1   3.3838   100.62
1   3.3841   100.38
1   3.3838   100.52
1   3.3838   100.37
1   3.3839   100.42
1   3.3838   100.49
1   3.3837   100.62
1   3.3840   100.42
1   3.3838   100.53
1   3.3839   100.36
1   3.3841   100.46
1   3.3840   100.60
1   3.3837   100.38
1   3.3838   100.52
1   3.3838   100.54
1   3.3837   100.62
1   3.3837   100.40
1   3.3838   100.46
1   3.3839   100.58
1   3.3839   100.34
1   3.3837   100.47
1   3.3839   100.60
1   3.3837   100.36
1   3.3836   100.50
1   3.3836   100.38
1   3.3836   100.34
1   3.3835   100.45
1   3.3836   100.58
1   3.3837   100.61
1   3.3840   100.32
1   3.3836   100.42
1   3.3837   100.54
1   3.3839   100.38
1   3.3840   100.38
1   3.3837   100.49
1   3.3838   100.55
1   3.3835   100.62
1   3.3837   100.37
1   3.3835   100.40
1   3.3843   100.44
1   3.3838   100.45
1   3.3838   100.56
1   3.3836   100.38
1   3.3839   100.41
1   3.3837   100.47
1   3.3837   100.42
1   3.3839   100.52
1   3.3836   100.35
1   3.3836   100.42
1   3.3836   100.48
1   3.3835   100.63
1   3.3835   100.43
1   3.3839   100.49
1   3.3836   100.60