2   1.7047    99.71
2   1.7041    99.83
2   1.7038    99.89
2   1.7039    99.64
2   1.7036    99.73
2   1.7038    99.81
2   1.7039    99.84
2   1.7037    99.63
2   1.7039    99.68
2   1.7037    99.78
2   1.7037    99.91
2   1.7035    99.71
2   1.7036    99.72
2   1.7035    99.82
2   1.7039    99.88
2   1.7037    99.73
2   1.7039    99.70
2   1.7037    99.80
2   1.7036    99.92
2   1.7036    99.70
2   1.7037    99.80
2   1.7034    99.79
2   1.7036    99.85
2   1.7036    99.82
2   1.7037    99.67
2   1.7036    99.73
2   1.7036    99.79
2   1.7038    99.87
2   1.7038    99.66
2   1.7039    99.71
2   1.7037    99.81
2   1.7038    99.92
2   1.7038    99.68
2   1.7038    99.79
2   1.7038    99.88
2   1.7039    99.62
2   1.7039    99.72
2   1.7036    99.82
2   1.7037    99.91
2   1.7039    99.69
2   1.7038    99.73
2   1.7038    99.82
2   1.7036    99.85
2   1.7035    99.63
2   1.7039    99.66
2   1.7037    99.75
2   1.7037    99.75
2   1.7037    99.81
2   1.7037    99.70
2   1.7039    99.72
2   1.7039    99.78
2   1.7038    99.84
2   1.7037    99.61
2   1.7037    99.68
2   1.7037    99.77
2   1.7037    99.93
2   1.7039    99.71
2   1.7036    99.83
