12   0.4402    64.50
12   0.4290    66.23
12   0.4518    62.70
12   0.4319    65.59
12   0.4270    66.34
12   0.4162    68.05
12   0.4335    65.49
12   0.4280    66.23
12   0.4363    65.06
12   0.4138    68.59
12   0.4306    65.87
12   0.4401    64.63
12   0.4255    66.73
12   0.3737    75.89
12   0.4572    62.09
12   0.4412    64.39
12   0.4190    67.84
12   0.4131    68.61
12   0.4298    65.99
12   0.4208    67.42
12   0.4514    62.81
12   0.4235    66.99
12   0.4638    61.20
12   0.4521    62.73
12   0.4319    65.56
12   0.4222    67.20
12   0.4317    65.66
12   0.4666    60.72
12   0.4276    66.33
12   0.4245    66.94
12   0.4227    67.14
12   0.4185    67.73
12   0.3994    71.07
12   0.4182    67.86
12   0.4233    67.08
12   0.4433    64.04
