16   0.2879    73.81
16   0.2991    70.98
16   0.2943    72.27
16   0.2930    72.64
16   0.2915    72.97
16   0.2994    71.00
16   0.2990    71.16
16   0.3065    69.40
16   0.2982    71.34
16   0.6912    30.72
16   0.3299    64.42
16   0.3351    63.48
16   0.3417    62.16
16   0.3346    63.57
16   0.3419    62.09
16   0.3394    62.59
16   0.3423    62.09
16   0.3405    62.45
16   0.3359    63.30
16   0.3417    62.13
16   0.3400    62.47
16   0.3457    61.51
16   0.3234    65.72
16   0.3413    62.31
16   0.3364    63.18
16   0.3417    62.18
16   0.3444    61.66
16   0.3410    62.33
16   0.3297    64.53
16   0.3362    63.11
16   0.3294    64.45
16   0.5665    37.50
16   0.3374    62.99
16   0.3357    63.34
16   0.5128    41.45
16   0.3344    63.46
16   0.3384    62.73
16   0.3465    61.31
16   0.3347    63.49
