8   0.4542    93.83
8   0.4547    93.77
8   0.4547    93.42
8   0.4542    93.82
8   0.4518    94.33
8   0.4532    94.01
8   0.4541    93.77
8   0.4557    93.28
8   0.4553    93.40
8   0.4549    93.67
8   0.4526    94.04
8   0.4557    93.35
8   0.4542    93.96
8   0.4550    93.59
8   0.4551    93.57
8   0.4558    93.35
8   0.4521    94.09
8   0.4535    94.12
8   0.4529    93.84
8   0.4550    93.54
8   0.4554    93.72
8   0.4531    94.03
8   0.4521    94.35
8   0.4550    93.40
8   0.4549    93.56
8   0.4574    93.03
8   0.4542    93.97
8   0.4532    93.89
8   0.4570    93.27
8   0.4549    93.47
8   0.4549    93.65
8   0.4547    93.71
