6 14.726279
6 14.727720
6 14.731140
6 14.728573
6 14.729324
6 14.728532
6 14.730120
6 14.730140
6 14.729304
6 14.732411
6 14.730933
6 14.730089
6 14.729785
6 14.727912
6 14.730157
6 14.727172
6 14.728365
6 14.729535
6 14.730193
6 14.729083
6 14.729336
6 14.730497
6 14.729720
6 14.730054
6 14.730110
6 14.728020
6 14.728577
6 14.729658
6 14.729197
6 14.730082
6 14.730404
6 14.728444
6 14.729944
6 14.728476
6 14.729353
6 14.726585
6 14.727157
6 14.729999
6 14.730780
6 14.731498
6 14.732104
6 14.730522
6 14.730928
6 14.730190
6 14.733898
6 14.728757
6 14.728888
6 14.728431
6 14.728874
6 14.728072