1 2.495193
1 2.498578
1 2.498190
1 2.503349
1 2.501713
1 2.496181
1 2.496689
1 2.493363
1 2.498407
1 2.496773
1 2.499535
1 2.500536
1 2.495156
1 2.501237
1 2.495164
1 2.505999
1 2.501190
1 2.496585
1 2.498513
1 2.501407
1 2.498879
1 2.494503
1 2.501056
1 2.495974
1 2.499458
1 2.502318
1 2.504554
1 2.497048
1 2.501552
1 2.495695
1 2.501033
1 2.502549
1 2.497478
1 2.499496
1 2.495837
1 2.502687
1 2.495739
1 2.500507
1 2.496257
1 2.504645
1 2.501468
1 2.494710
1 2.491049
1 2.496773
1 2.494212
1 2.491752
1 2.494157
1 2.490869
1 2.492150
1 2.504030