4 10.043077
4 10.044145
4 10.040726
4 10.044183
4 10.040507
4 10.041448
4 10.045974
4 10.039822
4 10.041513
4 10.040839
4 10.041136
4 10.043584
4 10.043391
4 10.040248
4 10.040137
4 10.041683
4 10.044636
4 10.044136
4 10.041318
4 10.042710
4 10.036831
4 10.036628
4 10.037003
4 10.036671
4 10.036902
4 10.037370
4 10.037948
4 10.037754
4 10.040249
4 10.040943
4 10.039138
4 10.039304
4 10.038941
4 10.040617
4 10.037671
4 10.037240
4 10.039977
4 10.042582
4 10.038651
4 10.035835
4 10.041809
4 10.040255
4 10.042946
4 10.045458
4 10.038717
4 10.039498
4 10.044327
4 10.041966
4 10.038879
4 10.045334