5 2481891.754591
5 2481589.388126
5 2481993.032755
5 2481068.090438
5 2482018.174041
5 2483146.162333
5 2480559.111163
5 2481682.175435
5 2480161.783036
5 2480396.720737
5 2481084.451508
5 2480592.923585
5 2481106.741234
5 2481492.750598
5 2481711.312424
5 2481947.079462
5 2480502.268142
5 2480853.470818
5 2480300.653020
5 2481350.103583
5 2482244.091292
5 2481264.663394
5 2480680.791369
5 2481289.020704
5 2482101.366862
5 2483494.632192
5 2484199.639528
5 2480647.027981
5 2480952.927147
5 2481462.094641
5 2482270.846014
5 2480711.052094
5 2481112.975183
5 2480810.291004
5 2482332.727122
5 2481660.836653
5 2482257.060293
5 2481723.205649
5 2481697.986695
5 2480804.009593
5 2481197.167780
5 2480606.906267
5 2481438.091547
5 2481245.241277
5 2481572.312879
5 2482290.608847
5 2481502.906724
5 2482029.959104
5 2480921.842793
5 2482129.324232
