6 3022510.652412
6 3022988.619552
6 3022005.700918
6 3022858.877455
6 3024266.129998
6 3022863.186317
6 3023988.890382
6 3024277.781109
6 3022530.556113
6 3022568.382178
6 3022890.819919
6 3024564.352562
6 3022813.153055
6 3023747.139169
6 3023526.402295
6 3022764.993666
6 3022601.965161
6 3023161.712072
6 3023103.562779
6 3023727.000289
6 3023406.999910
6 3022220.613362
6 3022402.346386
6 3022957.553981
6 3022765.629252
6 3022594.551418
6 3022606.585076
6 3023369.081040
6 3022739.463765
6 3022629.915720
6 3024023.501144
6 3023078.239501
6 3022297.791047
6 3023347.492645
6 3023213.452010
6 3023403.805188
6 3023193.815450
6 3023456.133965
6 3023321.324849
6 3023912.768384
6 3024357.521432
6 3024449.532155
6 3023195.948197
6 3022482.880650
6 3022534.496280
6 3023539.112447
6 3023055.822652
6 3024359.769852
6 3024349.616930
6 3022320.350643
