7 3498563.555465
7 3498247.486822
7 3499639.129900
7 3498180.275687
7 3499324.405946
7 3498061.918116
7 3498867.756803
7 3498866.784039
7 3498377.189739
7 3498672.504048
7 3498646.613584
7 3498829.469309
7 3498851.309274
7 3498559.397607
7 3499131.306427
7 3498849.285894
7 3498331.753884
7 3498475.551171
7 3498452.529372
7 3499058.255268
7 3499884.001292
7 3498791.312893
7 3498495.431474
7 3497969.656454
7 3498073.959768
7 3498048.315446
7 3499143.070609
7 3499036.328829
7 3498320.246210
7 3498222.779146
7 3498058.126260
7 3498241.140277
7 3497945.804387
7 3498540.128367
7 3498644.451713
7 3498343.346435
7 3499446.076035
7 3498401.952041
7 3498564.383158
7 3498565.935104
7 3498909.376905
7 3499021.201604
7 3498886.110882
7 3499001.604343
7 3498462.458249
7 3498926.390713
7 3498918.890324
7 3498449.820875
7 3499020.128637
7 3498232.495328
