8 4052013.557515
8 4052174.871967
8 4052684.166671
8 4053029.450638
8 4053658.793634
8 4053117.930449
8 4053593.062255
8 4053111.315173
8 4053627.647802
8 4053640.291648
8 4053044.707839
8 4053177.589049
8 4053475.518968
8 4053254.485787
8 4053322.682570
8 4053163.957030
8 4053362.783003
8 4053664.150017
8 4053586.273026
8 4053534.786482
8 4053268.557819
8 4053601.689440
8 4053574.544811
8 4053760.841042
8 4053880.242064
8 4053534.828390
8 4054248.574425
8 4053676.434625
8 4053778.659662
8 4053616.677696
8 4054052.963696
8 4053922.202256
8 4053288.631617
8 4053945.288881
8 4053738.299084
8 4053703.225208
8 4053335.960397
8 4053509.797774
8 4053772.465596
8 4053536.044964
8 4053439.569431
8 4053401.783924
8 4053946.829829
8 4053616.201776
8 4053696.991049
8 4053130.802755
8 4053809.237609
8 4053131.010755
8 4053237.771020
8 4053225.497186
