1 510250.267167
1 510251.884642
1 509256.075578
1 510070.519071
1 510327.070510
1 510353.720480
1 508609.153108
1 510549.516631
1 510545.750079
1 510522.662217
1 510068.461111
1 510149.961437
1 510215.128454
1 510184.149980
1 509126.721530
1 510322.471334
1 510383.251820
1 510210.877356
1 510100.312581
1 510357.310084
1 510363.013056
1 510162.906187
1 510374.354924
1 510107.091213
1 510162.307850
1 510111.923685
1 510134.854380
1 509516.724940
1 510298.280274
1 510220.841132
1 510221.721800
1 510229.224642
1 510103.896028
1 510087.398819
1 509631.432290
1 510157.154553
1 510130.361970
1 510044.735720
1 510190.666484
1 510222.106439
1 510203.559531
1 510078.074696
1 508367.994232
1 510189.363313
1 510081.421397
1 510285.210790
1 510160.341819
1 510139.892203
1 510187.899748
1 510300.099158
