2 1014790.604526
2 1019357.167022
2 1016521.530350
2 1020154.659564
2 1020185.980755
2 1020204.661989
2 1017027.044926
2 1020337.721165
2 1019153.512978
2 1020381.943851
2 1020122.298961
2 1020364.214225
2 1019607.090622
2 1019499.830751
2 1020406.017494
2 1019194.309208
2 1020422.029409
2 1020389.151074
2 1018898.756235
2 1014977.131347
2 1019808.478170
2 1018765.976125
2 1019735.460465
2 1020420.447840
2 1020328.872562
2 1018646.154431
2 1020130.723936
2 1018852.630900
2 1017223.727928
2 1015209.652386
2 1018786.327155
2 1015852.576702
2 1019165.757671
2 1018924.187109
2 1017344.613136
2 1020170.023638
2 1015917.527536
2 1020266.268662
2 1020200.228718
2 1015619.899788
2 1020332.070557
2 1019247.267800
2 1018868.401811
2 1019543.342115
2 1019575.450843
2 1018071.507713
2 1019150.481478
2 1015929.686347
2 1019141.902066
2 1020079.569054
