3 1485881.541712
3 1485492.056388
3 1485084.327184
3 1485213.865657
3 1485566.996312
3 1486025.003110
3 1485219.026377
3 1486207.466193
3 1485596.416347
3 1485111.838604
3 1485822.252491
3 1485484.728381
3 1485320.851996
3 1485162.128966
3 1486557.302165
3 1486018.059150
3 1485357.693512
3 1485578.390734
3 1486086.410128
3 1485156.848794
3 1485630.962195
3 1485351.661330
3 1485863.393516
3 1486055.503944
3 1485332.364710
3 1485226.234850
3 1485289.196849
3 1485698.624958
3 1485716.885107
3 1485942.104298
3 1485283.130771
3 1485519.798041
3 1485416.136929
3 1485999.047997
3 1485925.484756
3 1485975.071149
3 1485793.320511
3 1485154.482739
3 1484967.351069
3 1485389.695567
3 1485761.528647
3 1485480.832987
3 1485977.998157
3 1485479.906727
3 1485567.519622
3 1485076.852879
3 1485577.270026
3 1485152.127134
3 1485035.605506
3 1486079.422925
