4 2040328.373378
4 2041201.897374
4 2039836.997396
4 2041856.689341
4 2040440.129593
4 2040330.269749
4 2040357.155236
4 2039951.522593
4 2039898.231754
4 2039979.170009
4 2040667.955469
4 2039352.394938
4 2040257.147557
4 2040250.208425
4 2040414.983391
4 2040052.065340
4 2041991.450297
4 2041557.123702
4 2041486.671321
4 2039830.264437
4 2041548.926466
4 2039918.353726
4 2040836.893834
4 2039756.425105
4 2040388.556885
4 2039361.489269
4 2040720.788845
4 2039335.307554
4 2040377.905748
4 2040757.180607
4 2040449.721973
4 2039919.558624
4 2040741.302021
4 2041298.352954
4 2039952.036977
4 2042397.046488
4 2043108.268181
4 2039796.487619
4 2040755.539540
4 2041262.156410
4 2040949.655644
4 2039833.428846
4 2040937.957791
4 2040947.688069
4 2039657.664900
4 2040225.240616
4 2038441.173055
4 2040120.108854
4 2038861.342542
4 2039797.365916
