6 0.18496 83.04460
6 0.18210 85.65796
6 0.18302 83.73561
6 0.18366 84.94927
6 0.18494 82.43056
6 0.18498 84.27979
6 0.18389 83.23689
6 0.18677 83.88247
6 0.18418 83.50214
6 0.18371 83.96729
6 0.18447 83.81661
6 0.18348 83.58314
6 0.18419 84.30617
6 0.18375 83.58255
6 0.18666 81.86158
6 0.18365 83.71626
6 0.18404 83.37585
6 0.18396 84.52150
6 0.18319 83.19978
6 0.18360 85.17357
6 0.18417 83.51034
6 0.18529 82.48272
6 0.18680 82.73496
6 0.18445 83.18582
6 0.18259 83.89783
6 0.18423 84.99401
6 0.18579 83.91082
6 0.18403 85.03832
6 0.18163 84.92677
6 0.18543 82.66367
6 0.18555 84.04688
6 0.18453 83.59918
6 0.18370 83.33578
6 0.18432 84.76535
6 0.18731 83.51067
6 0.18318 83.03744
6 0.18572 82.77506
6 0.18303 82.86999
6 0.18473 82.79032
6 0.18441 82.70210
6 0.18640 82.10154
6 0.18520 82.22709
6 0.18438 85.20657
6 0.18478 84.51016
6 0.18358 84.94904
6 0.18428 82.68181
6 0.18362 85.25587
6 0.18488 82.51000
6 0.18337 84.37575
6 0.18542 84.15489
6 0.18452 83.89703
6 0.18330 84.64718
6 0.18397 85.10974
6 0.18343 84.68157
6 0.18465 83.34878
6 0.18516 84.06615
6 0.18338 83.37994
6 0.18240 83.73772
6 0.18498 84.24585
6 0.18554 82.05633
6 0.18768 83.28359
6 0.18614 83.09333
6 0.18262 85.84946
6 0.18389 84.46154
6 0.18339 83.16650
6 0.18323 85.18740
6 0.18321 84.91611
6 0.18357 83.77492
6 0.18484 84.46605
6 0.18309 83.96265
6 0.18549 84.35765
6 0.18791 82.71736
6 0.18285 84.81018
6 0.18442 83.21951
6 0.18327 85.01853
6 0.18431 84.33009
6 0.18656 82.76767
6 0.18648 84.26022
6 0.18335 85.58521
6 0.18515 82.69205
6 0.18332 84.39704
6 0.18526 83.95356
6 0.18435 84.64195
6 0.18537 83.33776
6 0.18250 84.11223
6 0.18373 82.96796
6 0.18239 83.24593
6 0.18261 85.55796
6 0.18515 82.41205
6 0.18279 85.11404
6 0.18560 83.62235
6 0.18514 83.78958
6 0.18209 83.82663
6 0.18440 82.98852
6 0.18565 82.44368
6 0.18406 84.19663
6 0.18418 83.61715
6 0.18103 85.10223
6 0.18713 83.79285
6 0.18155 85.49163
