4 0.25181 93.87545
4 0.25136 92.49533
4 0.25165 92.13434
4 0.25201 94.89822
4 0.25231 93.62879
4 0.25165 92.48918
4 0.25267 94.02646
4 0.25119 92.27205
4 0.25145 95.37178
4 0.25152 93.47014
4 0.25182 93.80413
4 0.25220 94.71526
4 0.25178 92.98975
4 0.25112 95.09292
4 0.25151 93.31216
4 0.25222 93.06303
4 0.25137 93.94751
4 0.25166 92.35064
4 0.25286 92.16055
4 0.25128 93.47673
4 0.25171 93.18064
4 0.25126 95.02115
4 0.25190 94.74236
4 0.25192 94.36327
4 0.25251 91.97307
4 0.25280 94.00616
4 0.25185 94.85492
4 0.25224 93.03029
4 0.25139 92.25813
4 0.25171 93.73201
4 0.25114 92.83663
4 0.25122 93.03448
4 0.25182 94.74149
4 0.25167 94.11994
4 0.25158 93.07478
4 0.25199 92.54753
4 0.25131 92.10379
4 0.25191 92.16422
4 0.25175 93.02052
4 0.25200 93.68044
4 0.25271 93.44367
4 0.25349 91.91507
4 0.25148 93.78652
4 0.25109 92.75130
4 0.25183 94.87800
4 0.25276 92.16879
4 0.25206 93.92750
4 0.25214 92.62900
4 0.25151 94.63009
4 0.25179 92.77794
4 0.25208 94.66073
4 0.25150 93.53437
4 0.25236 91.91049
4 0.25204 92.68135
4 0.25230 93.98964
4 0.25177 94.18481
4 0.25158 93.56831
4 0.25192 92.90625
4 0.25176 92.43016
4 0.25159 95.16489
4 0.25181 95.22245
4 0.25231 91.90261
4 0.25157 94.29086
4 0.25263 92.02603
4 0.25191 93.33075
4 0.25181 92.27867
4 0.25275 92.53396
4 0.25180 92.61226
4 0.25195 92.35344
4 0.25152 94.85729
4 0.25145 94.23943
4 0.25154 93.39221
4 0.25230 93.64815
4 0.25180 93.82392
4 0.25215 95.05419
4 0.25200 92.01572
4 0.25190 93.41277
4 0.25182 94.63320
4 0.25287 93.84959
4 0.25162 94.59235
4 0.25193 92.00300
4 0.25168 93.52433
4 0.25220 92.69439
4 0.25123 95.26781
4 0.25194 94.19602
4 0.25168 94.74597
4 0.25195 94.75944
4 0.25168 92.79502
4 0.25328 93.42002
4 0.25181 94.01443
4 0.25206 92.98339
4 0.25193 95.00022
4 0.25342 93.39293
4 0.25202 91.82882
4 0.25204 92.07281
4 0.25191 92.87005
4 0.25154 93.67545
4 0.25147 94.81609
4 0.25135 92.80869
4 0.25239 92.07345
