1 0.92639 102.86799
1 0.93202 100.36875
1 0.92727 101.97443
1 0.93168 101.18462
1 0.92691 101.17184
1 0.93015 102.93387
1 0.92718 101.42493
1 0.92977 100.03387
1 0.92718 101.66810
1 0.93126 102.05425
1 0.92616 101.37335
1 0.93179 101.76559
1 0.92697 103.58167
1 0.93200 99.76276
1 0.92884 101.12259
1 0.92997 97.81671
1 0.93185 100.73032
1 0.93006 101.03421
1 0.92888 102.56824
1 0.92936 102.02958
1 0.93041 102.70107
1 0.93068 99.81211
1 0.93009 97.53536
1 0.93004 99.82300
1 0.92863 103.47913
1 0.92751 102.20319
1 0.92811 101.69115
1 0.92877 101.55581
1 0.92970 102.63042
1 0.92996 98.25447
1 0.93010 97.70558
1 0.92933 97.66675
1 0.93049 101.34898
1 0.92679 97.88624
1 0.92741 103.39420
1 0.92804 101.07382
1 0.92742 100.06289
1 0.92762 101.79654
1 0.92670 97.93562
1 0.92737 100.13111
1 0.92662 100.56301
1 0.92620 100.57991
1 0.92651 103.46063
1 0.92627 99.69928
1 0.92798 101.85633
1 0.92778 103.50052
1 0.92716 101.86530
1 0.92694 103.34700
1 0.92632 102.05892
1 0.92638 101.81828
1 0.92702 101.67355
1 0.92647 101.62298
1 0.92660 100.11170
1 0.92650 101.52913
1 0.92717 100.04269
1 0.92630 101.72742
1 0.92827 103.04025
1 0.92765 103.30743
1 0.92709 100.25830
1 0.92654 103.66274
1 0.92773 100.32409
1 0.92677 103.28964
1 0.92655 100.76921
1 0.92732 101.62953
1 0.92679 102.16866
1 0.92624 102.19665
1 0.92635 101.53947
1 0.92731 103.69544
1 0.92597 98.46635
1 0.92744 100.34942
1 0.92731 101.52472
1 0.92687 101.52943
1 0.92633 100.64919
1 0.92728 101.73472
1 0.92683 101.83542
1 0.92779 101.53632
1 0.92665 100.48983
1 0.92626 102.46851
1 0.93190 101.28242
1 0.92817 101.64199
1 0.92827 101.84450
1 0.92706 97.88168
1 0.92752 100.90551
1 0.92711 100.80309
1 0.92789 101.92566
1 0.92809 103.39094
1 0.92608 100.90412
1 0.92653 102.53244
1 0.92695 102.59251
1 0.92683 100.38355
1 0.92748 101.08475
1 0.92655 101.48872
1 0.92720 101.58623
1 0.92723 102.57192
1 0.92585 99.49988
1 0.92770 102.18692
1 0.92613 103.36029
1 0.92692 102.08993
1 0.92675 100.77229
1 0.92689 100.40460
