5 0.21248 87.52339
5 0.21265 88.44360
5 0.21203 90.45764
5 0.21316 89.24629
5 0.21243 88.48244
5 0.21168 87.90313
5 0.21352 87.51186
5 0.21115 89.21586
5 0.21268 87.50148
5 0.21196 90.46377
5 0.21111 90.57852
5 0.21099 90.63040
5 0.21168 90.48851
5 0.21219 88.37648
5 0.21227 88.97120
5 0.21151 90.35004
5 0.21215 89.36166
5 0.21442 87.87024
5 0.21359 88.42024
5 0.21092 90.05326
5 0.21208 88.27896
5 0.21180 90.26032
5 0.21494 89.29463
5 0.21186 89.01939
5 0.21378 87.80092
5 0.21344 87.12080
5 0.21256 87.60866
5 0.21506 88.65696
5 0.21211 88.56319
5 0.21177 89.27169
5 0.21213 90.19181
5 0.21582 88.67447
5 0.21306 88.97001
5 0.21395 87.51947
5 0.21098 89.22676
5 0.21310 88.14628
5 0.21248 89.50075
5 0.21425 87.26471
5 0.21520 88.46581
5 0.21239 89.30240
5 0.21247 90.40014
5 0.21224 89.98638
5 0.21187 90.44267
5 0.21132 89.88746
5 0.21123 88.87633
5 0.21528 88.03466
5 0.21110 89.86260
5 0.21429 88.53060
5 0.21204 88.79387
5 0.21308 89.78975
5 0.21246 88.59342
5 0.21817 86.87596
5 0.21334 89.13553
5 0.21279 89.73023
5 0.21232 88.44241
5 0.21249 89.16512
5 0.21266 88.22746
5 0.21138 90.09419
5 0.21387 88.04107
5 0.21217 89.56401
5 0.21296 89.82934
5 0.21280 90.29801
5 0.21240 87.59234
5 0.21191 88.05335
5 0.21327 87.47845
5 0.21255 88.95568
5 0.21913 87.03517
5 0.21157 88.02443
5 0.21166 87.81417
5 0.21200 87.50228
5 0.21502 88.58041
5 0.21471 87.38760
5 0.21043 90.35200
5 0.21804 85.74780
5 0.21332 89.94313
5 0.21173 89.89752
5 0.21337 88.37390
5 0.21178 87.74871
5 0.21074 90.02436
5 0.21076 89.37139
5 0.21407 87.07067
5 0.21339 88.08223
5 0.21226 88.11545
5 0.21652 87.02028
5 0.21045 89.99521
5 0.21489 87.18766
5 0.21293 89.80556
5 0.21113 87.97319
5 0.21689 87.14632
5 0.21241 87.71673
5 0.21187 90.65940
5 0.21105 88.38816
5 0.21113 88.36563
5 0.21247 89.97628
5 0.21132 89.24676
5 0.21107 88.73491
5 0.21410 89.42418
5 0.21319 88.86889
5 0.21099 90.88628
5 0.21479 86.56328
