7 0.16792 79.37944
7 0.16636 80.20054
7 0.16671 82.26409
7 0.16264 83.37125
7 0.16616 82.04738
7 0.16555 80.56954
7 0.16687 82.14924
7 0.16548 81.71519
7 0.16501 81.58836
7 0.16543 81.33921
7 0.16530 80.80273
7 0.16849 79.22119
7 0.16559 81.62407
7 0.16193 84.25126
7 0.16476 83.08209
7 0.16665 81.31909
7 0.16483 81.12233
7 0.16366 83.52695
7 0.16402 82.67482
7 0.16371 83.09946
7 0.16508 80.90781
7 0.16478 81.33054
7 0.16796 79.92995
7 0.16628 81.36566
7 0.16641 81.58956
7 0.16537 82.49311
7 0.16600 80.25196
7 0.16448 81.24937
7 0.16782 80.68947
7 0.16726 80.26267
7 0.16648 81.27286
7 0.16572 81.91253
7 0.16685 81.93729
7 0.16531 81.49531
7 0.16630 81.53691
7 0.16500 80.83748
7 0.16383 82.21171
7 0.16517 82.80259
7 0.16378 81.15087
7 0.16452 80.95980
7 0.16554 81.22840
7 0.16459 81.32406
7 0.16454 80.52805
7 0.16507 82.76472
7 0.16478 83.06273
7 0.16598 80.59702
7 0.16347 81.15702
7 0.16517 81.28869
7 0.16400 83.12660
7 0.16779 79.66223
7 0.16475 82.45276
7 0.16653 81.65680
7 0.16541 81.00565
7 0.16547 82.27431
7 0.16390 82.68006
7 0.16325 83.38867
7 0.16617 81.96675
7 0.16368 82.32574
7 0.16437 81.42798
7 0.16565 82.73995
7 0.16236 81.62502
7 0.16351 82.14726
7 0.16371 80.98906
7 0.16562 82.40093
7 0.16757 81.38602
7 0.16508 81.92910
7 0.16331 82.29643
7 0.16739 80.85118
7 0.16665 81.35822
7 0.16694 80.35241
7 0.16486 83.19109
7 0.16646 81.57689
7 0.16431 82.24781
7 0.16476 82.97124
7 0.16389 82.61850
7 0.16471 81.02744
7 0.16577 81.06048
7 0.16239 83.48487
7 0.16361 83.03226
7 0.17219 78.50273
7 0.16314 82.20201
7 0.16517 81.32334
7 0.16592 82.48108
7 0.16545 82.50336
7 0.16563 82.45711
7 0.16480 81.67268
7 0.16786 81.61335
7 0.16676 82.24977
7 0.16490 81.42109
7 0.16332 83.52886
7 0.16437 82.31742
7 0.16678 81.93787
7 0.16759 80.76384
7 0.16448 82.18097
7 0.16733 79.98736
7 0.16718 81.36943
7 0.16406 82.74417
7 0.16610 80.78736
7 0.16469 82.66484
7 0.16571 80.23477
