2 0.47527 101.36867
2 0.47408 98.78671
2 0.47425 101.51239
2 0.47400 98.78827
2 0.47458 100.58555
2 0.47469 101.53699
2 0.47362 100.36746
2 0.47385 100.09114
2 0.47420 100.80102
2 0.47289 98.45958
2 0.47387 101.01371
2 0.47384 100.71728
2 0.47470 99.05861
2 0.47277 98.82049
2 0.47360 101.10065
2 0.47439 100.32377
2 0.47364 101.00289
2 0.47343 100.10261
2 0.47404 100.06817
2 0.47357 99.84651
2 0.47298 100.99975
2 0.47247 98.81411
2 0.47447 101.28741
2 0.47420 99.84739
2 0.47321 101.64033
2 0.47364 101.38824
2 0.47306 102.07927
2 0.47411 98.63968
2 0.47284 101.78993
2 0.47264 98.65211
2 0.47344 99.88988
2 0.47404 101.26440
2 0.47330 99.76434
2 0.47304 99.67708
2 0.47469 99.13946
2 0.47392 100.51788
2 0.47473 98.27011
2 0.47296 99.08238
2 0.47359 98.58703
2 0.47346 100.34409
2 0.47478 98.79499
2 0.47385 98.32289
2 0.47542 98.64593
2 0.47318 101.59309
2 0.47409 98.63472
2 0.47519 98.59191
2 0.47616 98.57419
2 0.47348 101.63676
2 0.47335 98.96644
2 0.47404 100.00789
2 0.47314 100.27178
2 0.47401 100.43379
2 0.47432 100.90819
2 0.47498 100.99980
2 0.47405 101.64680
2 0.47420 98.51150
2 0.47541 100.38123
2 0.47310 99.66612
2 0.47381 99.15707
2 0.47300 101.29343
2 0.47375 99.02057
2 0.47455 99.86948
2 0.47257 99.76317
2 0.47421 100.04410
2 0.47309 98.92826
2 0.47413 99.07619
2 0.47365 101.76608
2 0.47485 100.55450
2 0.47454 98.09240
2 0.47322 99.25124
2 0.47362 101.35117
2 0.47342 99.23601
2 0.47474 99.92654
2 0.47245 102.01288
2 0.47407 98.26755
2 0.47309 99.63831
2 0.47439 100.17533
2 0.47428 101.05146
2 0.47280 101.42450
2 0.47663 99.73854
2 0.47570 99.76385
2 0.47442 101.29071
2 0.47402 99.83507
2 0.47378 101.36986
2 0.47502 101.12378
2 0.47465 100.38069
2 0.47552 100.01757
2 0.47615 100.51689
2 0.47635 99.55628
2 0.47659 98.24735
2 0.47279 100.88244
2 0.47345 99.45199
2 0.47328 99.73287
2 0.47502 99.42680
2 0.47609 100.97675
2 0.47402 100.91138
2 0.47750 98.19976
2 0.47342 100.53839
2 0.47361 98.80486
2 0.47425 99.72174
