3 0.32616 97.83768
3 0.32646 97.61549
3 0.32594 97.39727
3 0.32681 94.90122
3 0.32582 95.50206
3 0.32595 95.62677
3 0.32605 97.77471
3 0.32588 95.77999
3 0.32621 98.02003
3 0.32566 98.42965
3 0.32606 98.22933
3 0.32617 95.54590
3 0.32567 97.61159
3 0.32599 98.02153
3 0.32591 97.63715
3 0.32689 95.52224
3 0.32593 97.54325
3 0.32588 97.51678
3 0.32589 97.45103
3 0.32575 96.46651
3 0.32646 96.10491
3 0.32617 97.75894
3 0.32606 95.77092
3 0.32665 98.18234
3 0.32595 97.40336
3 0.32641 97.47711
3 0.32681 95.52726
3 0.32577 97.83704
3 0.32599 98.37514
3 0.32587 95.96749
3 0.32640 95.81227
3 0.32637 95.00863
3 0.32608 96.42486
3 0.32625 97.48507
3 0.32644 96.80060
3 0.32591 96.99960
3 0.32663 98.18635
3 0.32648 95.50712
3 0.32710 97.47187
3 0.32617 95.53656
3 0.32644 96.87790
3 0.32555 97.16999
3 0.32616 97.45146
3 0.32658 95.79817
3 0.32579 95.62776
3 0.32720 98.02607
3 0.32626 97.00893
3 0.32596 96.22027
3 0.32650 94.99627
3 0.32624 97.21509
3 0.32621 96.34069
3 0.32597 97.27827
3 0.32550 95.98363
3 0.32584 96.18499
3 0.32658 98.15532
3 0.32633 98.05352
3 0.32647 96.66440
3 0.32650 95.24928
3 0.32664 94.89931
3 0.32586 97.46638
3 0.32654 97.07667
3 0.32638 98.13055
3 0.32599 95.40302
3 0.32659 95.93324
3 0.32642 97.68218
3 0.32631 97.70010
3 0.32553 98.45883
3 0.32574 96.18201
3 0.32576 97.87062
3 0.32538 97.80669
3 0.32612 96.11809
3 0.32604 98.24912
3 0.32618 97.50582
3 0.32679 95.37401
3 0.32662 96.16258
3 0.32649 97.23488
3 0.32756 97.80406
3 0.32584 97.93277
3 0.32610 97.34470
3 0.32615 96.42448
3 0.32629 95.29739
3 0.32616 97.29785
3 0.32631 96.76784
3 0.32601 95.27632
3 0.32631 95.60415
3 0.32615 96.10882
3 0.32602 97.28691
3 0.32591 97.38487
3 0.32649 95.34390
3 0.32648 96.48386
3 0.32589 95.89577
3 0.32599 96.69579
3 0.32583 95.69644
3 0.32588 96.40196
3 0.32616 98.24756
3 0.32607 96.36740
3 0.32630 96.83144
3 0.32662 96.11896
3 0.32598 96.93018
3 0.32566 96.93185
