4 0.93457 97.63668
4 0.93487 97.49399
4 0.93525 96.99630
4 0.93507 97.27873
4 0.93468 97.24571
4 0.93450 97.42195
4 0.93470 97.50875
4 0.93476 97.31579
4 0.93481 97.45605
4 0.93453 97.48191
4 0.93534 97.71335
4 0.93459 97.84802
4 0.93422 97.69057
4 0.93544 97.75062
4 0.93483 97.86238
4 0.93465 97.58204
4 0.93475 97.09838
4 0.93484 97.88542
4 0.93462 97.57404
4 0.93453 97.76698
4 0.93477 97.86383
4 0.93437 97.79776
4 0.93472 97.45530
4 0.93522 97.51501
4 0.93537 97.78707
4 0.93496 97.25060
4 0.93499 97.17828
4 0.93433 97.59822
4 0.93470 97.28966
4 0.93475 97.85773
4 0.93455 97.65293
4 0.93543 97.74218
4 0.93482 97.71955
4 0.93459 97.86443
4 0.93456 97.54514
4 0.93487 97.65057
4 0.93497 97.25734
4 0.93491 97.40565
4 0.93502 97.23152
4 0.93517 97.39468
4 0.93500 97.85028
4 0.93494 97.51107
4 0.93473 97.35366
4 0.93487 97.14581
4 0.93496 97.41701
4 0.93531 97.12083
4 0.93484 97.84249
4 0.93503 97.59083
4 0.93504 97.56329
4 0.93455 97.79825
4 0.93743 97.37418
4 0.93475 97.03770
4 0.93469 97.84781
4 0.93445 97.93292
4 0.93521 97.44489
4 0.93499 97.11121
4 0.93424 97.88038
4 0.93521 97.72636
4 0.93486 96.86961
4 0.93506 97.25600
4 0.93478 97.75607
4 0.93479 97.66063
4 0.93495 97.37281
4 0.93438 97.84524
4 0.93476 97.84282
4 0.93426 97.75929
4 0.93480 97.87444
4 0.93447 97.26379
4 0.93496 97.38274
4 0.93461 97.23644
4 0.93508 97.75759
4 0.93424 97.35114
4 0.93436 97.74349
4 0.93479 97.63692
4 0.93529 97.32623
4 0.93528 97.50674
4 0.93436 97.65259
4 0.93484 97.88192
4 0.93499 97.47820
4 0.93478 97.78948
4 0.93469 97.78894
4 0.93485 97.17592
4 0.93532 97.65282
4 0.93449 97.91988
4 0.93517 97.49332
4 0.93472 97.47767
4 0.93489 97.42583
4 0.93505 97.55356
4 0.93488 97.89429
4 0.93440 97.60770
4 0.93507 97.07246
4 0.93524 97.54703
4 0.93481 97.47034
4 0.93470 97.30776
4 0.93509 97.47950
4 0.93453 97.82133
4 0.93447 97.30228
4 0.93498 97.59139
4 0.93498 97.78015
4 0.93503 97.29305
