8 0.49101 93.08540
8 0.49197 93.00215
8 0.49154 92.28875
8 0.49140 92.71517
8 0.49204 92.37042
8 0.49152 92.33015
8 0.49090 92.78122
8 0.49237 92.39663
8 0.49019 92.73277
8 0.49056 92.97606
8 0.49108 92.74975
8 0.49081 92.95418
8 0.49126 92.58190
8 0.49115 93.14888
8 0.49040 93.23144
8 0.49212 92.89833
8 0.49227 92.88076
8 0.49143 92.42420
8 0.49159 92.88311
8 0.49164 92.67127
8 0.49151 93.07102
8 0.49065 92.81487
8 0.49062 92.72457
8 0.49139 93.00414
8 0.49112 92.81865
8 0.49062 93.14430
8 0.49236 92.40850
8 0.49172 92.87074
8 0.49147 92.64157
8 0.49092 93.19708
8 0.49166 91.94837
8 0.49134 92.95924
8 0.49228 92.54528
8 0.49113 92.49951
8 0.49144 93.13420
8 0.49040 92.73154
8 0.48957 93.14029
8 0.49133 93.06998
8 0.49094 92.54913
8 0.49195 92.62569
8 0.49052 92.95122
8 0.49138 92.80694
8 0.49128 92.81615
8 0.49208 92.89058
8 0.49292 92.21553
8 0.49017 93.25692
8 0.49214 92.89809
8 0.49177 92.74302
8 0.49155 92.49808
8 0.49092 93.07693
8 0.49126 92.91711
8 0.48871 93.42764
8 0.49134 92.83115
8 0.49054 92.95883
8 0.49103 93.20886
8 0.49082 93.23218
8 0.49078 93.08388
8 0.48986 92.97398
8 0.49209 92.60498
8 0.49350 92.69775
8 0.49021 93.17923
8 0.49101 93.23802
8 0.48970 93.11276
8 0.49125 92.40046
8 0.49184 92.96067
8 0.49110 92.42704
8 0.49164 92.42184
8 0.49210 93.03591
8 0.49275 92.39495
8 0.49279 92.39952
8 0.49176 92.91404
8 0.49159 92.59686
8 0.49044 92.91757
8 0.49165 92.58701
8 0.49090 92.51821
8 0.49041 92.82278
8 0.49201 92.37727
8 0.49182 92.77789
8 0.49014 92.95520
8 0.49236 92.29202
8 0.49093 93.20087
8 0.49055 93.27372
8 0.49115 92.37702
8 0.49100 92.92709
8 0.49089 93.08099
8 0.49192 92.77773
8 0.49137 93.05658
8 0.49177 93.00748
8 0.49170 93.03224
8 0.49031 92.93205
8 0.49128 92.74638
8 0.49182 92.53050
8 0.49127 92.71581
8 0.49071 93.12512
8 0.49246 92.93406
8 0.49056 92.91450
8 0.49372 92.55651
8 0.49176 92.71484
8 0.49295 92.67626
8 0.49090 92.70740
