3 1.23845 98.00827
3 1.23854 98.16609
3 1.23915 98.33964
3 1.23881 98.13016
3 1.23830 98.31294
3 1.23856 98.31398
3 1.23810 98.23558
3 1.23887 98.57411
3 1.23829 98.40095
3 1.23823 98.31838
3 1.23820 97.97450
3 1.23839 98.56901
3 1.23875 98.38420
3 1.23863 98.26798
3 1.23786 98.72392
3 1.23828 98.64506
3 1.23871 98.09556
3 1.23948 98.48936
3 1.23835 98.32434
3 1.23878 98.69440
3 1.23846 98.71465
3 1.23863 98.03711
3 1.23861 98.26367
3 1.23807 98.73882
3 1.23845 98.70006
3 1.23889 97.93389
3 1.23836 98.13511
3 1.23882 98.42832
3 1.23912 98.21194
3 1.23897 97.93231
3 1.23904 98.24682
3 1.23891 98.37766
3 1.23936 97.91615
3 1.23819 98.72999
3 1.23833 98.62758
3 1.23918 97.88807
3 1.23894 98.10793
3 1.23807 98.12938
3 1.23889 98.04071
3 1.23815 97.92678
3 1.23832 98.30446
3 1.23887 98.59657
3 1.23841 98.28552
3 1.23906 98.50955
3 1.23898 98.28985
3 1.23759 98.77319
3 1.23839 98.02546
3 1.23885 98.64070
3 1.23867 98.65228
3 1.23900 98.66994
3 1.23875 98.01430
3 1.23991 98.41722
3 1.23893 98.48881
3 1.23873 98.53265
3 1.23904 98.50935
3 1.23886 98.58746
3 1.23853 98.12993
3 1.23815 98.63898
3 1.23854 98.58488
3 1.23876 98.66093
3 1.23902 98.67298
3 1.23814 98.71141
3 1.23876 98.55791
3 1.23896 98.69908
3 1.23880 98.10246
3 1.23887 98.22820
3 1.23840 98.36756
3 1.23922 98.40260
3 1.23756 98.78044
3 1.23890 98.10381
3 1.23847 98.17537
3 1.23863 98.21421
3 1.23890 98.15822
3 1.23819 98.51453
3 1.23899 98.20614
3 1.23842 98.68374
3 1.23833 98.53502
3 1.23850 98.29679
3 1.23874 98.42086
3 1.23811 98.11461
3 1.23859 97.71285
3 1.23842 97.90833
3 1.23897 97.89293
3 1.23782 98.17377
3 1.23815 97.96114
3 1.23903 98.07278
3 1.23833 98.26034
3 1.23885 98.32932
3 1.23882 98.50475
3 1.23910 98.33791
3 1.23863 98.61308
3 1.23832 98.13985
3 1.23887 97.94087
3 1.23892 98.29882
3 1.23864 98.47141
3 1.23862 98.60447
3 1.23849 98.63415
3 1.23849 98.05363
3 1.23839 98.11185
3 1.23854 97.97219
