2 1.83549 99.70355
2 1.83417 99.63942
2 1.83381 99.64032
2 1.83359 99.66785
2 1.83438 99.80639
2 1.83506 99.42030
2 1.83435 99.33822
2 1.83523 99.17028
2 1.84156 99.09546
2 1.83372 99.60069
2 1.83460 99.46413
2 1.83376 100.05675
2 1.83422 99.29181
2 1.83567 99.28798
2 1.83473 99.56000
2 1.83569 99.23750
2 1.83389 99.83230
2 1.83798 99.38203
2 1.84129 99.42682
2 1.83388 99.49753
2 1.83424 99.86075
2 1.83354 99.42277
2 1.83351 99.96414
2 1.83502 99.28385
2 1.83395 99.64423
2 1.83395 99.37861
2 1.83572 99.24575
2 1.83847 99.42553
2 1.83913 99.04674
2 1.83337 99.38821
2 1.83374 99.61637
2 1.83297 100.01683
2 1.83370 99.95189
2 1.83426 100.07255
2 1.83445 98.72669
2 1.83356 99.71086
2 1.83389 99.84185
2 1.83735 99.76458
2 1.83619 99.74837
2 1.83464 99.67767
2 1.83391 99.15311
2 1.83494 99.59704
2 1.83258 99.94806
2 1.83403 99.86760
2 1.83356 99.90857
2 1.83261 99.57185
2 1.83787 99.49860
2 1.83524 99.88436
2 1.83613 99.40741
2 1.83315 99.85503
2 1.83360 99.71864
2 1.83575 99.69466
2 1.83596 99.69912
2 1.83568 99.58214
2 1.83400 99.35695
2 1.84074 99.52726
2 1.83514 99.63645
2 1.83237 99.25023
2 1.83516 99.45151
2 1.83472 99.80326
2 1.83571 99.36414
2 1.83660 99.62905
2 1.83531 99.47091
2 1.83597 99.83992
2 1.83967 99.71335
2 1.84030 99.79775
2 1.83960 99.04690
2 1.83711 99.30867
2 1.83447 99.99677
2 1.83556 99.30127
2 1.83428 99.67015
2 1.83576 99.65921
2 1.83476 99.53797
2 1.83353 99.65872
2 1.83699 99.10903
2 1.83671 99.77161
2 1.83557 99.66270
2 1.83431 99.27747
2 1.83373 99.68497
2 1.83556 99.28342
2 1.83421 99.79423
2 1.83550 99.35620
2 1.83502 99.88495
2 1.83323 99.30392
2 1.83712 99.85270
2 1.83656 99.34908
2 1.83444 99.23191
2 1.83635 99.18130
2 1.83511 99.69803
2 1.83371 99.90391
2 1.83361 99.59755
2 1.83391 99.32006
2 1.83699 99.66305
2 1.83756 99.87665
2 1.83535 99.89562
2 1.83345 99.95563
2 1.83304 99.66988
2 1.83717 99.41277
2 1.83580 99.31606
2 1.83453 99.75312
