6 0.62440 94.65764
6 0.62232 94.80741
6 0.62185 94.96298
6 0.62428 94.33497
6 0.62292 94.81368
6 0.62259 94.99104
6 0.62306 94.60396
6 0.62375 94.76850
6 0.62183 94.52912
6 0.62122 94.71747
6 0.62375 94.72006
6 0.62223 94.61920
6 0.62468 94.21238
6 0.62419 94.52542
6 0.62204 94.69227
6 0.62236 94.68824
6 0.62257 94.52594
6 0.62305 94.69951
6 0.62399 94.59785
6 0.62327 94.41744
6 0.62250 95.03954
6 0.62216 94.69641
6 0.62361 94.88535
6 0.62416 94.89950
6 0.62359 94.47641
6 0.62373 94.29706
6 0.62333 94.71095
6 0.62208 95.12091
6 0.62409 94.36448
6 0.62126 94.77514
6 0.62328 94.92499
6 0.62407 94.67934
6 0.62167 94.93428
6 0.62393 94.25178
6 0.62297 95.12055
6 0.62200 94.58249
6 0.62233 95.03952
6 0.62311 94.79473
6 0.62211 95.17223
6 0.62400 94.30460
6 0.62204 95.13732
6 0.62357 94.90100
6 0.62315 94.82800
6 0.62329 94.63648
6 0.62208 95.06781
6 0.62391 94.34594
6 0.62406 94.34154
6 0.62307 94.43795
6 0.62348 94.47198
6 0.62370 94.36672
6 0.62378 94.85391
6 0.62522 94.68631
6 0.62308 94.98991
6 0.62374 94.34604
6 0.62173 94.56903
6 0.62168 95.02364
6 0.62307 94.42487
6 0.62230 94.72236
6 0.62369 94.80256
6 0.62487 94.71004
6 0.62297 94.62128
6 0.62328 94.93329
6 0.62306 94.87734
6 0.62416 94.76244
6 0.62373 94.72137
6 0.62385 94.75577
6 0.62260 94.78972
6 0.62473 94.62841
6 0.62293 94.67836
6 0.62207 95.22458
6 0.62374 94.49784
6 0.62512 94.70763
6 0.62458 94.58789
6 0.62453 94.87890
6 0.62222 94.45006
6 0.62346 94.26644
6 0.62398 94.64199
6 0.62248 94.58160
6 0.62539 94.46894
6 0.62389 94.42413
6 0.62340 94.37548
6 0.62412 94.80944
6 0.62245 94.63849
6 0.62477 94.57767
6 0.62428 94.39083
6 0.62288 95.06869
6 0.62467 94.40843
6 0.62397 94.66850
6 0.62234 94.84192
6 0.62341 94.35146
6 0.62397 94.19475
6 0.62251 94.48772
6 0.62490 94.78016
6 0.62420 94.55232
6 0.62381 94.40075
6 0.62413 94.45495
6 0.62291 94.94162
6 0.62244 95.14127
6 0.62399 94.28976
6 0.62337 94.68418
