5 0.76412 95.30973
5 0.76091 96.25778
5 0.76392 95.81819
5 0.76522 95.01141
5 0.76335 95.24605
5 0.76487 95.69089
5 0.76419 95.40523
5 0.76420 95.34063
5 0.76399 95.82058
5 0.76390 95.59905
5 0.76385 95.93967
5 0.76437 95.55362
5 0.76381 96.03492
5 0.75733 96.85070
5 0.76425 95.71282
5 0.76425 95.24815
5 0.76481 95.26710
5 0.76121 95.75605
5 0.75661 96.55852
5 0.76432 95.51282
5 0.76509 95.32306
5 0.76438 95.27005
5 0.76380 95.65943
5 0.76430 95.63883
5 0.76422 95.65235
5 0.76418 95.54823
5 0.76412 96.01107
5 0.76428 95.24254
5 0.76362 95.96563
5 0.76450 95.16821
5 0.76373 95.60259
5 0.76419 95.19830
5 0.76534 95.22551
5 0.75734 95.98052
5 0.76353 95.80019
5 0.76334 95.66199
5 0.76445 95.40311
5 0.76117 95.82327
5 0.76424 95.39251
5 0.76516 95.85432
5 0.76395 95.28644
5 0.76426 95.44275
5 0.75942 96.46667
5 0.76431 95.31187
5 0.76425 95.74468
5 0.76368 95.50835
5 0.76438 95.60741
5 0.76460 95.56411
5 0.75662 96.36572
5 0.76408 95.27982
5 0.76434 95.53833
5 0.76384 95.54042
5 0.76544 95.07275
5 0.75979 95.70692
5 0.76468 95.24930
5 0.76508 95.08770
5 0.76452 95.09759
5 0.75711 96.32640
5 0.76355 94.75735
5 0.76440 95.13766
5 0.76343 95.23048
5 0.76453 95.66765
5 0.76411 95.37798
5 0.76373 95.79952
5 0.76411 95.37628
5 0.75727 96.61086
5 0.75683 96.37021
5 0.75643 96.41621
5 0.75669 96.64246
5 0.75737 96.48369
5 0.75742 96.01714
5 0.75649 96.03111
5 0.75683 95.98372
5 0.75656 96.37027
5 0.75641 96.32360
5 0.75640 96.56263
5 0.75851 96.41560
5 0.75763 96.45689
5 0.75700 96.36431
5 0.75666 96.73102
5 0.75615 96.63270
5 0.75677 96.56344
5 0.75738 96.19234
5 0.75787 96.40642
5 0.75611 96.10474
5 0.75718 96.69120
5 0.75706 96.59806
5 0.75697 96.51797
5 0.75671 96.77473
5 0.75671 96.29078
5 0.75844 95.81655
5 0.75809 95.97159
5 0.75727 96.61662
5 0.75693 96.38037
5 0.75692 96.32300
5 0.75764 95.88949
5 0.75646 95.98926
5 0.75673 96.27830
5 0.75657 96.44421
5 0.75650 96.68326
