1 3.64806 100.40822
1 3.64651 99.67636
1 3.64679 100.13966
1 3.64710 99.71881
1 3.64822 99.81078
1 3.64500 99.85130
1 3.64472 100.13165
1 3.64432 100.19228
1 3.64705 99.83653
1 3.64745 99.79831
1 3.64699 100.03450
1 3.64663 100.26080
1 3.64291 100.32454
1 3.64369 100.31696
1 3.64425 100.25975
1 3.64451 100.10962
1 3.64686 100.15035
1 3.64764 100.08983
1 3.64594 100.23067
1 3.64830 99.96018
1 3.64348 100.26678
1 3.64450 100.05840
1 3.64430 99.77640
1 3.64416 99.83744
1 3.64418 100.36888
1 3.64760 99.72733
1 3.64903 100.32405
1 3.63976 100.24914
1 3.64308 100.43050
1 3.64332 100.11787
1 3.64295 100.26261
1 3.64386 99.81254
1 3.64325 100.02365
1 3.64392 99.77880
1 3.64695 99.60720
1 3.64830 100.17246
1 3.64644 99.75272
1 3.64683 99.89994
1 3.64439 99.86927
1 3.64380 100.06497
1 3.64482 100.04790
1 3.64351 100.02348
1 3.64616 99.61495
1 3.64688 100.08470
1 3.64582 99.81822
1 3.64708 99.97551
1 3.64406 100.10301
1 3.64372 100.48687
1 3.64394 99.89371
1 3.64365 100.32995
1 3.64814 100.39220
1 3.64747 100.00383
1 3.64695 99.66730
1 3.64633 99.63959
1 3.64292 99.91150
1 3.64340 99.94139
1 3.64332 100.18152
1 3.64377 99.64918
1 3.64357 100.33425
1 3.64704 100.13399
1 3.64590 100.12637
1 3.64923 99.82229
1 3.64379 100.43335
1 3.64364 99.98730
1 3.64353 99.73883
1 3.64435 99.77125
1 3.64376 100.00240
1 3.64400 99.93949
1 3.64462 100.41349
1 3.64785 99.95370
1 3.64574 99.76022
1 3.64867 100.04133
1 3.64394 99.99685
1 3.64413 99.91450
1 3.64403 100.45181
1 3.64375 100.33550
1 3.64394 100.06271
1 3.64678 100.08845
1 3.64787 99.63719
1 3.64554 100.35790
1 3.64384 99.71532
1 3.64347 100.27833
1 3.64353 100.35772
1 3.64381 99.72327
1 3.64755 99.89684
1 3.64652 100.28142
1 3.64630 100.03184
1 3.64378 100.24418
1 3.64470 100.52226
1 3.64416 100.16120
1 3.64340 99.86358
1 3.64371 100.04993
1 3.64730 99.63851
1 3.64907 99.57494
1 3.64297 99.68761
1 3.64360 100.27070
1 3.64335 99.89498
1 3.64319 100.04110
1 3.64317 100.53609
1 3.64303 99.81763
