3 0.04870 68.29572
3 0.04893 66.78780
3 0.04879 66.43713
3 0.04910 67.33440
3 0.05138 63.21555
3 0.04872 67.53232
3 0.04854 66.78979
3 0.04897 66.42680
3 0.04873 66.98991
3 0.04923 67.21978
3 0.04879 68.04773
3 0.04790 67.95916
3 0.04846 65.70766
3 0.04905 66.25880
3 0.04886 67.66900
3 0.04894 66.55579
3 0.04937 66.26041
3 0.04799 67.64527
3 0.05253 62.63030
3 0.04974 65.56569
3 0.04834 66.72292
3 0.04865 67.79310
3 0.04821 67.49199
3 0.04835 67.63078
3 0.04931 65.75406
3 0.04936 65.87871
3 0.04809 67.57901
3 0.05066 64.56616
3 0.04857 67.46186
3 0.04910 67.13047
3 0.04815 67.49911
3 0.04871 67.89558
3 0.04764 69.56382
3 0.04849 69.05012
3 0.04821 69.08381
3 0.05109 65.90899
3 0.05022 66.68601
3 0.05127 63.95653
3 0.04797 67.69404
3 0.04902 66.98891
3 0.04880 66.51818
3 0.04925 67.55294
3 0.04887 67.04805
3 0.04955 67.73373
3 0.04805 69.38948
3 0.04804 68.15077
3 0.04834 67.77961
3 0.04803 67.75015
3 0.04898 65.83497
3 0.04897 67.51763
3 0.04847 68.40622
3 0.04827 68.46073
3 0.04765 68.52866
3 0.04784 67.44499
3 0.05003 64.26102
3 0.04953 66.50609
3 0.04814 66.92677
3 0.05195 62.09297
3 0.04893 66.74709
3 0.04826 67.50010
3 0.04875 67.84480
3 0.04743 68.75153
3 0.04958 65.63403
3 0.04853 66.76011
3 0.04914 67.03630
3 0.04807 69.55190
3 0.04867 67.85903
3 0.04779 68.74266
3 0.04940 66.15422
3 0.04809 67.41186
3 0.04901 66.06336
3 0.04919 67.18722
3 0.04863 67.44874
3 0.04746 69.37731
3 0.04949 65.67671
3 0.04828 68.45423
3 0.05001 65.93341
3 0.04876 67.53547
3 0.04752 68.13956
3 0.04918 67.54801
3 0.04736 69.46170
3 0.04955 65.92081
3 0.04875 68.63506
3 0.05018 64.49911
3 0.04857 66.80265
3 0.04990 67.48030
3 0.04864 68.78042
3 0.04949 65.39685
3 0.04789 67.77641
3 0.04874 67.59546
3 0.04808 68.05514
3 0.04870 67.38409
3 0.04826 66.97530
3 0.04903 66.46115
3 0.04957 67.30879
3 0.04828 68.19542
3 0.05269 63.16764
3 0.04802 67.61305
3 0.04778 70.31378
3 0.04795 68.72301
