7 0.06470 21.49343
7 0.05554 26.02738
7 0.05380 26.81188
7 0.05188 27.97537
7 0.05382 26.10943
7 0.06108 23.41363
7 0.05347 27.20556
7 0.05644 25.04312
7 0.06506 21.74888
7 0.05619 25.36595
7 0.05965 24.24881
7 0.05931 23.92273
7 0.05598 25.50560
7 0.05585 25.70532
7 0.05531 25.95815
7 0.05743 24.68346
7 0.05837 24.06895
7 0.05398 26.15892
7 0.05399 26.10004
7 0.05257 26.82236
7 0.05582 25.14616
7 0.06069 23.72702
7 0.05452 25.13735
7 0.05618 26.47633
7 0.06853 21.46238
7 0.05722 24.51997
7 0.05406 26.24499
7 0.05812 24.47719
7 0.05758 24.46072
7 0.05361 27.41032
7 0.05428 26.53431
7 0.05816 25.36408
7 0.06452 21.74050
7 0.05478 26.17883
7 0.05659 24.67472
7 0.05286 26.61904
7 0.05450 25.75029
7 0.05550 26.93291
7 0.05606 26.04133
7 0.05549 26.29660
7 0.06207 22.43830
7 0.05280 26.43282
7 0.05365 26.69930
7 0.05621 25.05759
7 0.05836 24.62881
7 0.05397 26.25033
7 0.05352 26.35393
7 0.05423 27.36171
7 0.05348 26.25616
7 0.05271 26.28932
7 0.05565 25.80040
7 0.05569 25.13817
7 0.05894 23.73694
7 0.05781 24.72772
7 0.05483 25.56982
7 0.05660 25.13172
7 0.06111 23.44447
7 0.05690 24.72752
7 0.06227 23.12893
7 0.05592 25.07129
7 0.05403 26.16913
7 0.05512 25.77470
7 0.05575 25.63315
7 0.05309 26.86910
7 0.06018 23.53311
7 0.05483 25.63806
7 0.05361 26.27637
7 0.05692 24.80358
7 0.05860 24.93311
7 0.05292 26.32315
7 0.06092 23.15386
7 0.05421 26.23407
7 0.05768 23.83488
7 0.05334 26.78660
7 0.05446 25.84675
7 0.05519 25.69545
7 0.06030 23.01318
7 0.06251 22.46588
7 0.05945 23.96065
7 0.05880 23.80713
7 0.05299 26.51558
7 0.05526 25.74724
7 0.05874 23.96828
7 0.05727 24.79567
7 0.05675 24.86652
7 0.05587 25.29477
7 0.05526 25.72701
7 0.05438 25.78377
7 0.05594 25.23111
7 0.06385 22.27166
7 0.05283 26.11969
7 0.05548 25.08180
7 0.05419 26.33776
7 0.05821 24.47973
7 0.05969 23.43723
7 0.05565 25.08860
7 0.05650 24.55883
7 0.05448 25.56367
7 0.05823 24.34955
7 0.05726 24.71554
