2 0.06031 82.74544
2 0.06189 80.80935
2 0.06377 77.10597
2 0.06778 73.11030
2 0.06265 78.93041
2 0.06590 75.93449
2 0.06345 77.39913
2 0.06172 81.35721
2 0.06367 77.51224
2 0.06207 80.54004
2 0.06214 81.42407
2 0.06168 79.47327
2 0.06287 78.38658
2 0.05849 84.55287
2 0.06235 80.13649
2 0.05916 85.06110
2 0.05901 83.24646
2 0.06071 82.28363
2 0.06379 75.94385
2 0.06618 76.21961
2 0.06486 76.92654
2 0.06514 77.15257
2 0.06457 77.50396
2 0.05995 85.20171
2 0.06792 73.83020
2 0.06357 77.88995
2 0.06033 82.50017
2 0.06321 79.23685
2 0.06346 76.19564
2 0.05948 83.14399
2 0.05859 84.83498
2 0.05855 85.63679
2 0.06068 83.04717
2 0.05643 89.29604
2 0.06076 82.29640
2 0.05476 90.44064
2 0.06100 80.09173
2 0.06371 78.66953
2 0.06416 76.14818
2 0.06575 74.95562
2 0.05680 87.43404
2 0.05753 86.51282
2 0.06141 81.52269
2 0.06406 78.36514
2 0.06481 76.62933
2 0.06067 81.81111
2 0.06146 79.59847
2 0.06505 76.70599
2 0.06188 80.88588
2 0.06537 78.85790
2 0.06189 79.21287
2 0.06375 76.27183
2 0.06092 80.67909
2 0.06116 79.85076
2 0.05810 85.91559
2 0.06139 81.72475
2 0.06019 84.88651
2 0.06214 79.20591
2 0.05794 85.87357
2 0.06211 78.80275
2 0.06251 79.11929
2 0.05889 84.35337
2 0.06520 75.17825
2 0.05876 85.07958
2 0.05830 84.69975
2 0.05787 86.51371
2 0.05850 85.94174
2 0.05806 84.22450
2 0.06245 77.42024
2 0.06548 74.52600
2 0.06358 78.82409
2 0.06082 81.88515
2 0.06276 79.44737
2 0.06271 78.82788
2 0.06363 77.91840
2 0.06171 80.76141
2 0.06054 81.54888
2 0.06049 81.08338
2 0.06422 78.90858
2 0.06053 83.48613
2 0.05910 85.58029
2 0.06259 79.40973
2 0.06251 80.55901
2 0.06207 80.70140
2 0.06255 79.77488
2 0.06168 82.03886
2 0.05855 86.40193
2 0.06053 82.07799
2 0.06480 76.99163
2 0.06340 77.67046
2 0.05798 85.42837
2 0.06100 80.57363
2 0.06133 82.34587
2 0.05856 83.05657
2 0.06611 75.04697
2 0.05884 85.13021
2 0.06176 80.63708
2 0.06246 79.25777
2 0.06513 76.00318
2 0.06503 76.71854
