8 0.05742 21.40918
8 0.06124 20.19063
8 0.06076 19.66555
8 0.05961 20.12465
8 0.06253 20.13445
8 0.05662 21.64354
8 0.05906 21.10831
8 0.05955 21.02508
8 0.06448 19.20694
8 0.05612 21.63598
8 0.06019 20.89806
8 0.05649 21.61716
8 0.05968 21.05256
8 0.06005 20.54275
8 0.06122 20.24883
8 0.05874 21.30061
8 0.05850 20.67809
8 0.05908 21.02669
8 0.05627 21.88521
8 0.05609 21.93663
8 0.06280 19.28093
8 0.06848 17.80408
8 0.05781 21.53566
8 0.06193 19.63917
8 0.06060 20.34205
8 0.05436 22.32377
8 0.05715 21.98688
8 0.05877 20.93346
8 0.05932 20.47473
8 0.05643 21.46271
8 0.05958 21.07043
8 0.06144 19.98634
8 0.06284 19.89459
8 0.05599 21.49147
8 0.06212 19.69323
8 0.06640 18.81438
8 0.05729 21.36586
8 0.05985 20.79666
8 0.06212 19.79031
8 0.05806 21.92322
8 0.05278 23.70043
8 0.05742 21.02970
8 0.05913 20.88660
8 0.06040 20.95311
8 0.05868 20.94544
8 0.05723 22.27608
8 0.05594 21.66329
8 0.06477 18.97991
8 0.05750 21.14697
8 0.06299 20.01541
8 0.05760 21.32176
8 0.05801 21.27074
8 0.05872 20.53755
8 0.05581 22.21347
8 0.05622 21.61760
8 0.06188 19.92200
8 0.06204 20.39112
8 0.06152 19.35859
8 0.05587 21.75554
8 0.05792 20.85990
8 0.06593 18.77054
8 0.05828 21.36755
8 0.05833 20.84683
8 0.06040 20.62749
8 0.06148 19.90430
8 0.06012 20.27328
8 0.05822 22.09025
8 0.06034 20.46229
8 0.05798 21.68334
8 0.06059 20.41456
8 0.05831 21.09127
8 0.05479 22.32721
8 0.05813 21.14742
8 0.06465 19.27756
8 0.05611 21.72706
8 0.05465 22.07840
8 0.05926 20.51333
8 0.05914 20.88465
8 0.05689 21.62098
8 0.05449 23.14757
8 0.05872 20.75075
8 0.06318 20.13716
8 0.05461 22.34587
8 0.06243 19.82280
8 0.05993 20.50819
8 0.05626 22.07297
8 0.06525 19.35792
8 0.05730 21.62593
8 0.05791 21.42873
8 0.06028 20.54129
8 0.05547 22.10678
8 0.06256 20.21582
8 0.05784 21.07033
8 0.05900 21.28326
8 0.05354 23.31017
8 0.05247 23.44326
8 0.06423 19.35620
8 0.06164 19.58702
8 0.06171 20.24337
8 0.06458 19.42377
