6 0.05616 28.65797
6 0.05922 26.92477
6 0.05596 27.71612
6 0.06033 26.16519
6 0.05826 26.17713
6 0.05655 26.96098
6 0.05734 28.00481
6 0.05574 28.02129
6 0.05686 27.84764
6 0.05721 26.97476
6 0.05374 29.05135
6 0.06656 23.10642
6 0.06447 23.74030
6 0.05598 27.95373
6 0.05661 27.36128
6 0.05909 26.67211
6 0.05656 28.05867
6 0.06112 25.93723
6 0.05878 27.11320
6 0.05738 26.74906
6 0.05610 27.12585
6 0.06125 25.79176
6 0.06257 24.98517
6 0.05936 26.22060
6 0.05734 27.61032
6 0.05800 26.73561
6 0.05838 26.82334
6 0.05774 27.07778
6 0.05828 27.20863
6 0.05907 26.73507
6 0.05904 26.68350
6 0.05976 26.10648
6 0.05702 28.09396
6 0.05699 28.03354
6 0.05638 27.11420
6 0.06146 25.62376
6 0.05859 26.56481
6 0.05728 27.34952
6 0.06025 25.65317
6 0.06202 24.56289
6 0.06025 26.76265
6 0.05743 27.61033
6 0.06286 25.48290
6 0.05486 27.92275
6 0.05863 26.73176
6 0.06068 25.80235
6 0.05944 26.40572
6 0.05912 27.10665
6 0.05627 27.54883
6 0.05894 27.13572
6 0.06306 25.45026
6 0.05856 27.38052
6 0.05620 26.95905
6 0.05792 26.22998
6 0.05782 26.29049
6 0.05470 28.88469
6 0.05583 27.28037
6 0.06123 25.96107
6 0.05624 27.72900
6 0.06216 25.25989
6 0.05798 26.84797
6 0.05570 29.10039
6 0.05727 26.99918
6 0.05888 26.73041
6 0.05876 26.85932
6 0.05918 26.89486
6 0.05896 26.51412
6 0.05752 26.47458
6 0.05780 26.51511
6 0.05945 25.56345
6 0.06204 25.83600
6 0.05776 27.28601
6 0.05784 27.15263
6 0.05915 26.86772
6 0.05582 28.23176
6 0.05765 26.76632
6 0.05626 28.04062
6 0.06278 25.12760
6 0.05599 27.18162
6 0.06583 24.04599
6 0.05587 27.83476
6 0.05548 27.87764
6 0.05807 27.26297
6 0.05524 28.33215
6 0.05830 27.10370
6 0.05818 27.06547
6 0.05871 26.75941
6 0.05997 26.03856
6 0.05522 27.82353
6 0.06682 20.79310
6 0.05815 27.16890
6 0.05812 26.79673
6 0.05868 26.47856
6 0.05635 27.69677
6 0.05948 25.73059
6 0.05898 25.75048
6 0.05729 26.57671
6 0.05661 27.54260
6 0.06185 25.01075
6 0.05652 27.70530
