1 14.71291 100.12399
1 14.70839 100.13104
1 14.71433 100.17877
1 14.71291 100.09092
1 14.71346 100.17559
1 14.71133 100.12855
1 14.70440 100.22222
1 14.70800 100.16474
1 14.71028 100.16084
1 14.71459 100.22694
1 14.71171 100.09575
1 14.71330 100.04757
1 14.71507 100.18332
1 14.70650 100.23417
1 14.71018 100.19313
1 14.71481 100.00493
1 14.71461 100.15982
1 14.71261 100.15422
1 14.71478 100.07381
1 14.71297 100.06285
1 14.71372 100.16327
1 14.71183 100.12832
1 14.70872 100.10648
1 14.71555 100.02726
1 14.71348 100.18623
1 14.71854 100.16936
1 14.71885 100.10298
1 14.71335 100.09558
1 14.71379 100.14749
1 14.71656 100.01425
1 14.71353 100.17165
1 14.70872 100.07882
1 14.71292 100.19730
1 14.71261 100.08149
1 14.71036 100.16276
1 14.71444 100.07244
1 14.70987 100.07943
1 14.70945 100.03726
1 14.70863 100.08653
1 14.70811 100.12497
1 14.70735 100.10381
1 14.70805 100.19971
1 14.70807 100.08538
1 14.70737 100.21193
1 14.71115 100.06346
1 14.70847 100.11452
1 14.70652 100.11552
1 14.70788 100.10678
1 14.70747 100.13813
1 14.70843 100.19383
1 14.70829 100.11902
1 14.71085 100.05216
1 14.70911 100.04603
1 14.70841 100.10212
1 14.70767 100.07343
1 14.71141 100.09325
1 14.71095 100.17177
1 14.70418 100.09554
1 14.70765 100.06309
1 14.70945 100.07912
1 14.70884 100.17323
1 14.70822 100.07120
1 14.70735 100.09473
1 14.70913 100.09543
1 14.70776 100.14410
1 14.71052 100.17749
1 14.70806 100.12871
1 14.70822 100.13675
1 14.70943 100.19931
1 14.70772 100.20032
1 14.70711 100.04461
1 14.71068 100.05188
1 14.70932 100.15383
1 14.70805 100.02806
1 14.70910 100.10691
1 14.70908 100.11529
1 14.70844 100.20102
1 14.70887 100.14939
1 14.70877 100.18034
1 14.70925 100.17001
1 14.71057 100.08022
1 14.70741 100.12240
1 14.70734 100.20296
1 14.70669 100.07370
1 14.70748 100.20176
1 14.70894 100.12691
1 14.70863 100.17126
1 14.70874 100.20197
1 14.70436 100.11426
1 14.70841 100.08817
1 14.70782 100.15243
1 14.70872 100.13641
1 14.70930 100.11703
1 14.70901 100.12092
1 14.70807 100.02422
1 14.70818 100.01895
1 14.70741 100.03655
1 14.70877 100.09435
1 14.70868 100.20327
1 14.70890 100.01743
1 14.70908 100.09358
1 14.70772 100.05411
1 14.70961 100.14794
1 14.70834 100.18088
1 14.70852 100.02781
1 14.70766 100.17577
1 14.70723 100.21185
1 14.70759 100.02744
1 14.70787 100.13146
1 14.70749 100.12113
1 14.70827 100.13194
1 14.70758 100.16161
1 14.70880 100.04861
1 14.71017 100.02436
1 14.71099 100.18561
1 14.70925 100.01953
1 14.70954 100.14516
1 14.70809 100.03568
1 14.70719 100.11011
1 14.70991 100.11292
1 14.70922 100.07306
1 14.70871 100.17783
1 14.71063 100.21809
1 14.70840 100.02320
1 14.70919 100.08889
1 14.70860 100.08036
1 14.70783 100.13937
1 14.70450 100.13840
1 14.70853 100.10522
1 14.70798 100.11613
1 14.70658 100.14379
1 14.70834 100.19381
1 14.70890 100.04700
1 14.70748 100.12023
1 14.70763 100.10069
1 14.70872 100.09006
1 14.70453 100.08593
