8 1.92478 95.66837
8 1.92385 95.59458
8 1.88709 97.49517
8 1.92472 95.59979
8 1.88561 97.64784
8 1.91743 96.06926
8 1.88559 97.69183
8 1.90716 96.53065
8 1.88562 97.60407
8 1.88603 97.69561
8 1.88669 97.55202
8 1.91150 96.30133
8 1.88654 97.61968
8 1.91414 96.12319
8 1.88780 97.51173
8 1.88257 97.78833
8 1.88690 97.59940
8 1.90589 96.51845
8 1.88604 97.64253
8 1.88660 97.61126
8 1.91705 95.99355
8 1.91606 96.07012
8 1.90644 96.55306
8 1.93512 95.07047
8 1.91139 96.28892
8 1.88672 97.47510
8 1.88221 97.79922
8 1.90765 96.42526
8 1.92688 95.59811
8 1.92137 95.84898
8 1.88623 97.69859
8 1.92532 95.56397
8 1.88540 97.61412
8 1.88568 97.67807
8 1.91749 95.94692
8 1.92667 95.51939
8 1.92250 95.71475
8 1.91092 96.38296
8 1.92248 95.67875
8 1.92640 95.64068
8 1.92410 95.76379
8 1.92800 95.40716
8 1.92650 95.45652
8 1.88613 97.62623
8 1.93061 95.32073
8 1.88394 97.77331
8 1.88618 97.52522
8 1.88646 97.54304
8 1.88561 97.62599
8 1.91270 96.29819
8 1.88493 97.51064
8 1.88687 97.65516
8 1.88606 97.57027
8 1.88532 97.70046
8 1.88407 97.77855
8 1.91451 96.09924
8 1.92021 95.95769
8 1.88517 97.74552
8 1.93681 95.06304
8 1.92701 95.53374
8 1.92632 95.63326
8 1.90786 96.43719
8 1.88504 97.67770
8 1.92448 95.68230
8 1.90187 96.84123
8 1.92596 95.63063
8 1.88493 97.77501
8 1.88647 97.69912
8 1.92978 95.34611
8 1.88722 97.60200
8 1.91530 96.14176
8 1.88547 97.58718
8 1.88840 97.37917
8 1.88404 97.73803
8 1.88541 97.71427
8 1.92431 95.69530
8 1.92466 95.61104
8 1.91663 96.08065
8 1.88746 97.51825
8 1.88665 97.63103
8 1.88338 97.75707
8 1.91760 96.07537
8 1.88539 97.64940
8 1.88619 97.54977
8 1.88556 97.66393
8 1.91086 96.37911
8 1.88533 97.58553
8 1.91506 96.20219
8 1.88872 97.45879
8 1.88613 97.65032
8 1.88581 97.64952
8 1.88506 97.68834
8 1.88496 97.77173
8 1.92397 95.62317
8 1.88513 97.75689
8 1.92392 95.69498
8 1.88380 97.80826
8 1.88519 97.73741
8 1.92503 95.72469
8 1.88509 97.66663
