7 2.14481 98.08475
7 2.19170 95.97634
7 2.14574 98.03101
7 2.17564 96.61718
7 2.18630 96.31094
7 2.14309 98.14160
7 2.18943 96.01707
7 2.14490 98.01763
7 2.17904 96.49348
7 2.14652 97.92897
7 2.17224 96.77214
7 2.16645 97.03472
7 2.17545 96.65356
7 2.18994 96.07614
7 2.14807 98.03565
7 2.16966 96.93428
7 2.14617 97.94942
7 2.17548 96.78624
7 2.14674 98.01619
7 2.18521 96.28247
7 2.18308 96.32828
7 2.19112 96.05527
7 2.18888 96.03702
7 2.14501 97.99631
7 2.18673 96.20831
7 2.17140 96.90263
7 2.17853 96.50851
7 2.14457 98.09502
7 2.19741 95.72375
7 2.17934 96.49222
7 2.18081 96.45216
7 2.16781 97.00566
7 2.14616 98.01938
7 2.14647 98.00573
7 2.17070 96.86296
7 2.17102 96.82816
7 2.18666 96.26967
7 2.14654 98.08210
7 2.17774 96.65250
7 2.14615 98.10629
7 2.16360 97.18104
7 2.17999 96.46062
7 2.14587 98.03098
7 2.17152 96.84009
7 2.14483 98.15937
7 2.18555 96.23165
7 2.18322 96.31161
7 2.17710 96.60824
7 2.18273 96.38616
7 2.17736 96.58505
7 2.14833 97.91064
7 2.18944 96.02322
7 2.14531 98.04795
7 2.18188 96.49378
7 2.14379 98.15554
7 2.14529 98.13139
7 2.16342 97.20193
7 2.18074 96.49200
7 2.14497 98.04347
7 2.17977 96.42068
7 2.16774 97.04552
7 2.14597 98.06215
7 2.14441 98.09520
7 2.14337 98.20023
7 2.14688 98.05796
7 2.14645 98.04957
7 2.14477 98.08878
7 2.17724 96.73003
7 2.14554 98.04732
7 2.18939 96.13738
7 2.14776 98.03374
7 2.18016 96.53778
7 2.14439 98.06638
7 2.18044 96.52167
7 2.18513 96.26639
7 2.16361 97.18075
7 2.19054 96.01806
7 2.16956 96.90657
7 2.14486 98.18764
7 2.14546 98.09547
7 2.17203 96.94497
7 2.19600 95.83462
7 2.14537 98.08035
7 2.17902 96.63219
7 2.17944 96.45114
7 2.16919 97.02863
7 2.14627 98.09036
7 2.18067 96.43953
7 2.16404 97.29584
7 2.18123 96.53922
7 2.17531 96.74587
7 2.16879 97.08084
7 2.18100 96.51081
7 2.14485 98.05951
7 2.14576 98.10041
7 2.18922 96.04477
7 2.17815 96.40983
7 2.14616 98.09419
7 2.14607 98.11690
7 2.17574 96.79910
