5 2.98380 98.78642
5 3.01609 97.75505
5 2.98348 98.78056
5 2.98392 98.63826
5 2.98217 98.78808
5 3.00695 97.88272
5 2.98562 98.73177
5 2.98331 98.67675
5 2.99384 98.44489
5 2.98248 98.56261
5 2.98313 98.66352
5 3.00686 97.90102
5 2.98370 98.71167
5 2.98167 98.71935
5 3.01845 97.50883
5 2.98410 98.66989
5 3.01777 97.66297
5 2.98391 98.64470
5 3.00993 97.91945
5 2.98408 98.70087
5 2.98270 98.65504
5 2.98104 98.80951
5 2.98220 98.68954
5 2.98138 98.86199
5 2.98221 98.76444
5 2.98163 98.70803
5 2.98131 98.79737
5 3.01291 97.71526
5 2.98321 98.66148
5 2.98480 98.71416
5 3.01605 97.61999
5 2.98313 98.71743
5 2.98336 98.64171
5 3.01340 97.79363
5 2.98223 98.71067
5 2.98103 98.83246
5 2.98423 98.80616
5 2.98450 98.69295
5 2.98410 98.64075
5 2.98329 98.68305
5 2.98395 98.75387
5 2.98398 98.77302
5 2.98264 98.71912
5 3.01593 97.69176
5 2.98260 98.69469
5 3.01684 97.64769
5 2.98280 98.76748
5 2.98387 98.65395
5 2.98346 98.76145
5 2.98049 98.72783
5 2.98268 98.74538
5 2.98233 98.72884
5 2.98393 98.71497
5 2.98452 98.66467
5 3.00647 98.04318
5 3.02055 97.34032
5 2.98662 98.52742
5 2.98412 98.60894
5 2.98204 98.68748
5 3.01001 97.76981
5 2.98297 98.72052
5 3.01356 97.65063
5 2.98266 98.71253
5 2.98270 98.64288
5 3.01315 97.70632
5 2.98510 98.70310
5 2.98211 98.79833
5 2.98247 98.76465
5 3.02386 97.47627
5 2.98355 98.82012
5 2.98533 98.60750
5 3.02570 97.36668
5 2.98576 98.59736
5 2.98234 98.83332
5 2.98344 98.74657
5 2.98345 98.68651
5 2.98244 98.82263
5 2.98385 98.76299
5 2.98117 98.78542
5 3.01965 97.60260
5 3.02471 97.34003
5 2.98436 98.63450
5 2.98449 98.68340
5 2.98347 98.76498
5 2.98176 98.69500
5 3.02481 97.31850
5 2.98402 98.79206
5 2.98472 98.70830
5 3.01745 97.63647
5 3.01939 97.51915
5 2.98468 98.72432
5 3.00640 97.91249
5 2.98381 98.65756
5 2.98102 98.70640
5 2.98408 98.59843
5 3.00344 98.14658
5 2.98460 98.65307
5 2.98390 98.74809
5 2.98385 98.74010
5 2.98250 98.69403
