4 3.71101 99.24962
4 3.71390 99.06652
4 3.71159 99.17880
4 3.71132 99.12940
4 3.70932 99.17721
4 3.71041 99.29032
4 3.71315 99.21523
4 3.71406 99.11925
4 3.71225 99.19066
4 3.70833 99.32229
4 3.71303 99.08865
4 3.74931 98.08047
4 3.71160 99.27981
4 3.71265 99.08574
4 3.71422 99.09117
4 3.71190 99.26140
4 3.71338 99.20308
4 3.71245 99.23019
4 3.71335 99.16224
4 3.71458 99.05549
4 3.71257 99.10611
4 3.71305 99.14424
4 3.71517 99.20252
4 3.71433 99.07932
4 3.71541 99.06802
4 3.71575 99.00043
4 3.71395 99.19255
4 3.71478 99.05775
4 3.71270 99.23230
4 3.71447 99.19737
4 3.71528 99.18949
4 3.71454 99.19991
4 3.71382 99.04506
4 3.71201 99.21248
4 3.71486 98.99114
4 3.71455 99.14208
4 3.73768 98.52997
4 3.71453 99.03344
4 3.71318 99.17096
4 3.73179 98.70469
4 3.71324 99.19567
4 3.71540 99.07564
4 3.71577 98.97450
4 3.71485 99.18724
4 3.71566 98.98460
4 3.71555 99.08362
4 3.71111 99.26958
4 3.71413 99.13745
4 3.71566 99.00836
4 3.71410 99.11282
4 3.71199 99.13356
4 3.71273 99.10068
4 3.71375 99.18659
4 3.71436 99.18969
4 3.71230 99.06185
4 3.71535 99.17658
4 3.71538 99.03317
4 3.71055 99.28278
4 3.72087 99.00732
4 3.71409 99.03701
4 3.71280 99.14906
4 3.71257 99.22521
4 3.71361 99.21804
4 3.71361 99.04758
4 3.71227 99.18291
4 3.71299 99.15415
4 3.71298 99.09364
4 3.71424 99.13976
4 3.71116 99.14567
4 3.71307 99.03328
4 3.71131 99.25432
4 3.71469 99.09337
4 3.71364 99.16666
4 3.71344 99.09686
4 3.71322 98.97217
4 3.71341 99.08715
4 3.71159 99.25265
4 3.71335 99.14305
4 3.71088 99.09469
4 3.71129 99.08214
4 3.71164 99.18746
4 3.71211 99.07230
4 3.71399 99.07738
4 3.71200 99.13678
4 3.71116 99.12320
4 3.71174 99.18804
4 3.71310 99.14389
4 3.71316 99.06305
4 3.71225 99.19418
4 3.71319 99.13447
4 3.71506 99.07506
4 3.71371 99.11301
4 3.71218 99.20887
4 3.71296 99.08023
4 3.75064 98.22696
4 3.71161 99.15723
4 3.71308 99.10565
4 3.71143 99.22311
4 3.71043 99.19433
4 3.71142 99.16782
