3 4.93921 99.26872
3 4.95536 99.13199
3 4.93597 99.39225
3 4.96831 98.92343
3 4.93539 99.36285
3 4.93686 99.33435
3 4.93753 99.47391
3 4.93860 99.43727
3 4.93677 99.43478
3 4.93741 99.47828
3 4.93817 99.46547
3 4.93980 99.39148
3 4.96467 98.89725
3 4.93994 99.31226
3 4.93761 99.46514
3 4.93735 99.43968
3 4.93736 99.35420
3 4.93771 99.42440
3 4.93979 99.32681
3 4.93853 99.29214
3 4.93909 99.47023
3 4.96461 98.95889
3 4.93842 99.37690
3 4.93777 99.43025
3 4.93871 99.36603
3 4.93825 99.41335
3 4.94072 99.40365
3 4.93883 99.42780
3 4.93719 99.43155
3 4.93910 99.46280
3 4.94037 99.31805
3 4.93619 99.39093
3 4.95318 99.09174
3 4.94055 99.31241
3 4.93721 99.42175
3 4.96010 98.91162
3 4.93929 99.40456
3 4.96283 98.92518
3 4.93655 99.47919
3 4.93620 99.42067
3 4.93496 99.45084
3 4.93723 99.31738
3 4.93907 99.36801
3 4.93573 99.43770
3 4.93810 99.36273
3 4.93676 99.44988
3 4.96969 98.84278
3 4.93732 99.42329
3 4.93729 99.38555
3 4.93775 99.33491
3 4.93656 99.32530
3 4.93737 99.33363
3 4.93971 99.30029
3 4.93709 99.43177
3 4.93887 99.35512
3 4.93843 99.47804
3 4.93725 99.45247
3 4.93625 99.38073
3 4.93813 99.42149
3 4.93639 99.34652
3 4.93960 99.37099
3 4.93768 99.34232
3 4.93913 99.36268
3 4.93815 99.34289
3 4.93954 99.38111
3 4.93644 99.41880
3 4.93607 99.40241
3 4.93946 99.27786
3 4.93868 99.31985
3 4.93933 99.31636
3 4.93558 99.48762
3 4.93704 99.38802
3 4.93800 99.36911
3 4.93885 99.33859
3 4.93450 99.45035
3 4.93588 99.52543
3 4.93642 99.45171
3 4.93829 99.36781
3 4.93780 99.36278
3 4.95271 99.17772
3 4.93641 99.42271
3 4.93684 99.37315
3 4.93582 99.40323
3 4.93871 99.46976
3 4.93768 99.45324
3 4.93750 99.33333
3 4.93484 99.37445
3 4.93642 99.35012
3 4.94050 99.32248
3 4.94020 99.41412
3 4.93671 99.48162
3 4.93817 99.38153
3 4.93803 99.33935
3 4.93623 99.46050
3 4.94004 99.29765
3 4.93832 99.41177
3 4.96372 98.85417
3 4.93781 99.30350
3 4.93613 99.49118
3 4.93745 99.44844
