6 2.49945 98.16717
6 2.49964 98.19797
6 2.50170 98.15933
6 2.54081 96.54561
6 2.49848 98.24745
6 2.50000 98.17313
6 2.49836 98.29011
6 2.49744 98.33354
6 2.52575 97.24913
6 2.50043 98.23545
6 2.49920 98.25534
6 2.51857 97.37222
6 2.52773 97.02979
6 2.49816 98.31710
6 2.52958 97.09342
6 2.53099 96.93863
6 2.49836 98.22107
6 2.50156 98.11537
6 2.49942 98.12715
6 2.54066 96.62554
6 2.53957 96.68540
6 2.50061 98.19053
6 2.50102 98.12891
6 2.53955 96.72840
6 2.49935 98.14306
6 2.50017 98.18750
6 2.49945 98.19174
6 2.49987 98.21536
6 2.49738 98.29917
6 2.53383 96.89622
6 2.49970 98.24279
6 2.53501 96.78037
6 2.52687 97.20434
6 2.49981 98.17302
6 2.53844 96.62035
6 2.49935 98.14411
6 2.53210 96.86821
6 2.49788 98.15506
6 2.49941 98.17252
6 2.49959 98.15679
6 2.49820 98.20448
6 2.50102 98.17102
6 2.49975 98.10318
6 2.50130 98.05873
6 2.50022 98.12840
6 2.49809 98.28592
6 2.49969 98.21718
6 2.49850 98.21241
6 2.49990 98.15868
6 2.54063 96.57890
6 2.49970 98.09913
6 2.50123 98.15267
6 2.49874 98.25337
6 2.49902 98.20582
6 2.49988 98.27498
6 2.49985 98.15125
6 2.50093 97.98840
6 2.49754 98.17029
6 2.54893 96.26627
6 2.49779 98.34667
6 2.49981 98.14190
6 2.50051 98.16995
6 2.54223 96.53801
6 2.49765 98.22218
6 2.49998 98.14638
6 2.53103 97.01026
6 2.53347 96.90721
6 2.52990 97.02897
6 2.49830 98.34012
6 2.49929 98.28022
6 2.52783 97.16218
6 2.53937 96.65763
6 2.50074 98.15515
6 2.53568 96.67512
6 2.50050 98.18053
6 2.49876 98.25382
6 2.54573 96.50762
6 2.49902 98.13927
6 2.49841 98.24090
6 2.54405 96.48215
6 2.49834 98.16113
6 2.50088 98.18557
6 2.50079 98.23563
6 2.49912 98.19732
6 2.52418 97.23124
6 2.49703 98.26064
6 2.49996 98.15503
6 2.50243 98.12109
6 2.50131 98.23778
6 2.50082 98.21600
6 2.50226 98.09176
6 2.49929 98.12202
6 2.50003 98.25006
6 2.49999 98.22322
6 2.49874 98.18780
6 2.50024 98.11351
6 2.53215 96.99606
6 2.50017 98.15211
6 2.49883 98.16554
6 2.49902 98.27106
