4 0.08636 81.03140
4 0.08568 86.49745
4 0.08604 83.33385
4 0.08693 84.82798
4 0.08810 78.32618
4 0.08623 77.45592
4 0.08657 80.85419
4 0.08640 77.48331
4 0.08646 84.96841
4 0.08632 84.38271
4 0.08678 85.23681
4 0.08618 82.31608
4 0.08593 83.64711
4 0.08609 82.19692
4 0.08686 79.29796
4 0.08632 81.96466
4 0.08627 80.61512
4 0.08811 75.89241
4 0.08629 81.62958
4 0.08592 81.65423
4 0.08662 82.37552
4 0.08647 84.56675
4 0.08624 82.57533
4 0.08611 80.71144
4 0.08624 81.27695
4 0.08713 81.73434
4 0.08678 77.31767
4 0.08646 77.68826
4 0.08632 79.88424
4 0.08657 77.05150
4 0.08609 85.81608
4 0.08768 77.72644
4 0.08726 83.91913
4 0.08618 82.81987
4 0.08626 79.13713
4 0.08644 86.12737
4 0.08634 78.48105
4 0.08641 84.31895
4 0.08625 79.85938
4 0.08624 80.28828
4 0.08614 85.10380
4 0.08653 84.64300
4 0.08729 77.34653
4 0.08695 85.26608
4 0.08606 77.30371
4 0.08649 78.98463
4 0.08653 78.25969
4 0.08640 79.15618
4 0.08614 84.35289
4 0.08627 78.55789
4 0.08777 80.20869
4 0.08644 82.68803
4 0.08694 82.15983
4 0.08696 77.70453
4 0.08637 78.07558
4 0.08648 82.86987
4 0.08652 80.83464
4 0.08702 80.01780
4 0.08706 76.77870
4 0.08807 77.64985
4 0.08668 85.72775
4 0.08616 83.60709
4 0.08770 76.94663
4 0.08629 85.61676
4 0.08662 82.89592
4 0.08662 82.93893
4 0.08665 79.73358
4 0.08615 85.99525
4 0.08646 80.30496
4 0.08634 83.78816
4 0.08637 78.67511
4 0.08613 80.16839
4 0.08634 83.95152
4 0.08634 83.00616
4 0.08620 77.29636
4 0.08682 77.92135
4 0.08651 79.40074
4 0.08626 83.59991
4 0.08623 80.30575
4 0.08630 79.34038
4 0.08614 78.03761
4 0.08593 81.07599
4 0.08679 84.55097
4 0.08663 80.24641
4 0.08736 78.89643
4 0.08641 77.46243
4 0.08619 83.03254
4 0.08595 78.96450
4 0.08675 81.06716
4 0.08590 81.74522
4 0.08658 83.54356
4 0.08664 79.18312
4 0.08631 79.07566
4 0.08584 83.57513
4 0.08622 81.25681
4 0.08615 81.67446
4 0.08622 84.04283
4 0.08651 79.58559
4 0.08692 79.17280
4 0.08593 85.82482
