1 0.26740 104.64900
1 0.26679 106.30630
1 0.26587 110.02647
1 0.26721 100.48759
1 0.26710 101.14306
1 0.26841 104.24076
1 0.26825 101.93590
1 0.26811 105.82438
1 0.26702 110.31305
1 0.26657 101.14510
1 0.26782 103.31289
1 0.26775 104.87202
1 0.26726 105.72304
1 0.26781 108.61510
1 0.26657 111.09703
1 0.26610 100.28380
1 0.26657 108.38180
1 0.26662 109.19034
1 0.26693 111.22343
1 0.26605 106.21455
1 0.26797 103.41477
1 0.26679 100.02560
1 0.26847 92.14259
1 0.26737 92.75638
1 0.26601 108.67281
1 0.26693 108.83614
1 0.26674 107.08564
1 0.26600 101.41033
1 0.26681 110.54139
1 0.26722 101.58865
1 0.26652 109.14944
1 0.26629 111.94179
1 0.26609 104.32678
1 0.26671 106.81340
1 0.26729 100.01603
1 0.26854 92.45105
1 0.26731 100.93328
1 0.26793 95.86774
1 0.26835 107.11197
1 0.26835 105.76702
1 0.26913 106.66513
1 0.26791 104.17690
1 0.26723 104.29353
1 0.26651 109.85271
1 0.26653 110.28120
1 0.26718 106.50555
1 0.26668 105.81291
1 0.26593 109.99690
1 0.26591 111.28929
1 0.26669 101.91691
1 0.26658 104.17384
1 0.26754 103.50422
1 0.26802 103.92827
1 0.26600 110.43265
1 0.26698 105.81426
1 0.26876 100.05603
1 0.26718 103.38075
1 0.26652 109.81731
1 0.26950 103.84356
1 0.26825 100.31340
1 0.26796 108.58036
1 0.26697 105.64917
1 0.26616 111.57200
1 0.26988 102.33112
1 0.26739 91.89069
1 0.26581 106.28250
1 0.26673 100.13639
1 0.26567 105.83501
1 0.26746 102.26951
1 0.26759 102.07740
1 0.26870 104.28820
1 0.26681 106.40498
1 0.27102 102.53616
1 0.26661 106.02316
1 0.26746 102.86768
1 0.26660 106.17615
1 0.26685 103.37258
1 0.26800 105.66693
1 0.26716 102.75310
1 0.26804 107.68147
1 0.26802 91.65992
1 0.26947 102.25952
1 0.26739 109.32464
1 0.26758 92.00681
1 0.26649 105.87875
1 0.26627 106.92544
1 0.26587 109.58557
1 0.26653 110.03724
1 0.26862 105.67543
1 0.26612 104.66058
1 0.26863 103.96424
1 0.26788 92.74509
1 0.26676 103.62808
1 0.26596 110.49558
1 0.26676 103.35682
1 0.26714 109.58483
1 0.26727 101.70341
1 0.26626 101.29353
1 0.26605 109.31115
1 0.26756 102.26687
