5 0.07561 71.32087
5 0.07824 75.99170
5 0.07795 75.23143
5 0.07289 73.65878
5 0.07713 73.71650
5 0.08005 68.79560
5 0.07568 70.49799
5 0.07698 72.48057
5 0.07700 76.31080
5 0.07706 73.26871
5 0.07688 70.36572
5 0.07476 75.27589
5 0.07522 71.35074
5 0.07713 70.28535
5 0.07526 70.71690
5 0.07548 79.04083
5 0.07770 70.81385
5 0.07478 75.27369
5 0.07571 76.10218
5 0.07322 79.11565
5 0.07377 78.05342
5 0.07314 72.69666
5 0.07475 76.36362
5 0.07842 69.08743
5 0.07580 78.41503
5 0.07436 73.84380
5 0.07476 75.51783
5 0.07366 77.43311
5 0.07477 74.46917
5 0.07271 79.13910
5 0.07322 80.55692
5 0.07553 72.09184
5 0.07338 80.00429
5 0.07411 74.42326
5 0.07424 80.59307
5 0.07479 71.81839
5 0.07576 70.97956
5 0.07448 78.23611
5 0.07492 71.49829
5 0.07587 71.03195
5 0.07566 71.93060
5 0.07729 73.06248
5 0.07568 78.21578
5 0.07756 71.75328
5 0.07660 71.54448
5 0.07610 77.09986
5 0.07685 75.26298
5 0.07430 76.20878
5 0.07321 73.73447
5 0.07640 76.86287
5 0.07488 74.68484
5 0.07518 78.84928
5 0.07679 71.28485
5 0.07628 71.28978
5 0.07744 70.78406
5 0.07526 74.58610
5 0.08013 66.77162
5 0.07852 75.51583
5 0.07496 76.94533
5 0.07637 72.37350
5 0.07592 77.26642
5 0.07784 73.54990
5 0.07568 70.50462
5 0.07688 75.57678
5 0.07579 75.35212
5 0.07632 73.60179
5 0.07584 72.64346
5 0.07648 72.74835
5 0.07573 78.59150
5 0.07449 72.47124
5 0.07355 79.53414
5 0.07665 75.62651
5 0.07850 72.61317
5 0.07789 72.17147
5 0.07776 73.08944
5 0.07689 71.10405
5 0.07578 71.35720
5 0.07545 78.78019
5 0.07572 71.39867
5 0.07367 79.91763
5 0.07530 73.98493
5 0.07444 74.80340
5 0.07638 71.88236
5 0.07797 69.69040
5 0.07590 70.94741
5 0.07657 72.22591
5 0.07757 68.82516
5 0.07657 73.52382
5 0.07575 72.71550
5 0.07683 69.71038
5 0.07603 76.54765
5 0.07724 72.12912
5 0.07808 68.71993
5 0.07366 76.74281
5 0.07510 75.98420
5 0.07518 78.72341
5 0.07528 75.51032
5 0.07658 74.26697
5 0.07620 74.90573
5 0.07679 69.60886
