7 0.06605 64.46185
7 0.06663 61.20191
7 0.06701 62.15880
7 0.06946 57.72550
7 0.06518 64.10768
7 0.07090 56.56204
7 0.06951 60.10159
7 0.06663 61.73352
7 0.06933 58.29582
7 0.06483 65.51169
7 0.06509 65.21891
7 0.06681 59.89955
7 0.06766 61.31921
7 0.06786 61.34876
7 0.06563 60.79246
7 0.06697 58.94474
7 0.06746 57.18544
7 0.06439 61.51440
7 0.06755 61.35739
7 0.06592 59.58658
7 0.06852 62.08183
7 0.07001 58.53872
7 0.06916 59.16832
7 0.07120 55.50952
7 0.06354 66.03092
7 0.06938 58.61384
7 0.06969 59.03784
7 0.06791 56.35027
7 0.06843 59.21107
7 0.06824 58.25838
7 0.06904 58.19103
7 0.06557 63.45349
7 0.06893 57.97321
7 0.07046 56.05439
7 0.06933 56.87848
7 0.06602 61.70523
7 0.06870 54.60109
7 0.07066 56.22992
7 0.06565 63.22947
7 0.06653 62.41444
7 0.06854 57.77812
7 0.06815 59.22032
7 0.06845 61.36979
7 0.06663 60.48321
7 0.06889 58.92454
7 0.06738 62.95784
7 0.07078 59.60011
7 0.06919 55.73652
7 0.06662 63.54384
7 0.06586 63.09223
7 0.06627 59.28843
7 0.06627 57.65069
7 0.06585 59.96519
7 0.06654 59.56199
7 0.06657 63.14193
7 0.07211 55.94959
7 0.06913 60.64193
7 0.07149 57.41205
7 0.06818 58.41307
7 0.06918 60.46731
7 0.06633 62.88909
7 0.06660 61.30374
7 0.06533 58.17236
7 0.06590 61.72199
7 0.06932 60.82460
7 0.06622 60.08036
7 0.06761 61.64117
7 0.06871 62.03390
7 0.07045 55.71205
7 0.06790 61.46015
7 0.06778 60.54231
7 0.06555 59.88493
7 0.06617 58.31419
7 0.06430 63.75304
7 0.06846 56.33316
7 0.06974 55.99332
7 0.06756 61.81372
7 0.06843 55.88276
7 0.06464 58.86344
7 0.06998 56.96250
7 0.06494 65.80013
7 0.06762 60.03024
7 0.07202 55.82950
7 0.06731 61.04717
7 0.06896 55.93432
7 0.06724 63.20894
7 0.06877 56.51788
7 0.06727 59.67833
7 0.06677 59.68112
7 0.06993 54.47902
7 0.06945 56.11155
7 0.06626 60.15511
7 0.06559 61.31971
7 0.07228 52.91337
7 0.06686 60.25146
7 0.06454 61.91553
7 0.06553 63.98203
7 0.06693 60.71601
7 0.06783 59.17366
7 0.06798 61.80899
