3 0.10677 86.47783
3 0.10616 87.57956
3 0.10430 86.13071
3 0.10557 91.86014
3 0.10487 87.99910
3 0.10670 92.35530
3 0.10542 87.01714
3 0.10666 88.66368
3 0.10607 92.82110
3 0.10558 84.69040
3 0.10552 93.20702
3 0.10621 84.73062
3 0.10783 90.87175
3 0.10553 90.84678
3 0.10664 90.09601
3 0.10663 86.07037
3 0.10554 92.51831
3 0.10596 93.98182
3 0.10482 90.50564
3 0.10499 86.27345
3 0.10558 83.77612
3 0.10625 91.63017
3 0.10632 93.08213
3 0.10522 86.69252
3 0.10631 90.78569
3 0.10656 91.69050
3 0.10589 87.34805
3 0.10641 90.91913
3 0.10665 91.59328
3 0.10516 90.75118
3 0.10523 94.37243
3 0.10664 86.06678
3 0.10568 94.13677
3 0.10620 87.35178
3 0.10638 91.80511
3 0.10681 89.54650
3 0.10685 93.01451
3 0.10661 89.96940
3 0.10486 91.64888
3 0.10622 91.00172
3 0.10622 90.31431
3 0.10627 87.65657
3 0.10731 92.44534
3 0.10604 90.53224
3 0.10626 88.00871
3 0.10709 84.10707
3 0.10646 89.81210
3 0.10586 88.05294
3 0.10651 84.63044
3 0.10610 84.65928
3 0.10491 92.02868
3 0.10460 90.55340
3 0.10742 86.28547
3 0.10540 84.57446
3 0.10600 84.60650
3 0.10634 84.50604
3 0.10529 87.42236
3 0.10735 84.12429
3 0.10573 85.85689
3 0.10515 85.60227
3 0.10616 86.20987
3 0.10405 87.36246
3 0.10663 84.23702
3 0.10737 85.02030
3 0.10628 85.32837
3 0.10723 91.17987
3 0.10505 90.79541
3 0.10556 92.61524
3 0.10574 88.22743
3 0.10586 87.27277
3 0.10584 92.08589
3 0.10497 91.91391
3 0.10450 85.86630
3 0.10606 92.96607
3 0.10471 88.15519
3 0.10504 85.66083
3 0.10520 84.74500
3 0.10631 85.81199
3 0.10657 91.85906
3 0.10622 92.19118
3 0.10453 84.76067
3 0.10639 84.77819
3 0.10649 91.83233
3 0.10645 89.34957
3 0.10693 92.28695
3 0.10686 91.40104
3 0.10475 90.93311
3 0.10606 90.05160
3 0.10501 91.15512
3 0.10618 91.54462
3 0.10476 91.20878
3 0.10595 89.76200
3 0.10710 92.48013
3 0.10595 89.35870
3 0.10623 84.64976
3 0.10570 94.59436
3 0.10559 87.69549
3 0.10482 88.08092
3 0.10530 87.43681
3 0.10463 89.77874
