5 12.026403
5 12.026514
5 12.024201
5 12.023534
5 12.023550
5 12.029760
5 12.024916
5 12.024056
5 12.028277
5 12.025759
5 12.029041
5 12.028264
5 12.026520
5 12.024218
5 12.027646
5 12.024595
5 12.030791
5 12.024996
5 12.024743
5 12.030448
5 12.030045
5 12.028713
5 12.023443
5 12.028867
5 12.027167
5 12.025779
5 12.027824
5 12.026273
5 12.028646
5 12.029191
5 12.030053
5 12.028785
5 12.030037
5 12.026674
5 12.030408
5 12.030536
5 12.030142
5 12.031550
5 12.031539
5 12.030567
5 12.029086
5 12.025097
5 12.026607
5 12.028368
5 12.025535
5 12.026809
5 12.026504
5 12.025607
5 12.026358
5 12.026797