7 17.041525
7 17.042406
7 17.041155
7 17.041021
7 17.042986
7 17.041414
7 17.042543
7 17.040991
7 17.042657
7 17.040998
7 17.041140
7 17.042684
7 17.043420
7 17.043000
7 17.043018
7 17.041513
7 17.039799
7 17.041516
7 17.041024
7 17.040286
7 17.041446
7 17.042307
7 17.039063
7 17.040489
7 17.039074
7 17.041641
7 17.040950
7 17.041323
7 17.043862
7 17.045542
7 17.040281
7 17.042800
7 17.041534
7 17.042304
7 17.042740
7 17.041276
7 17.041716
7 17.041145
7 17.044200
7 17.041994
7 17.041480
7 17.040547
7 17.045121
7 17.046186
7 17.041324
7 17.031559
7 17.045153
7 17.045604
7 17.040849
7 17.040752
7 17.036276
7 17.036034
7 17.034092
7 17.034848
7 17.034740
7 17.034826
7 17.034520
7 17.027965
7 17.033753
7 17.034714
7 17.037483
7 17.033012
7 17.033915
7 17.035086
7 17.035946
7 17.036057
7 17.032708
7 17.031076
7 17.032967
7 17.034242
7 17.033071
7 17.031537
7 17.035241
7 17.035824
7 17.035153
7 17.036845
7 17.034131
7 17.032592
7 17.032537
7 17.032753
7 17.028954
7 17.032621
7 17.031705
7 17.035036
7 17.033466
7 17.030872
7 17.032535
7 17.034654
7 17.033884
7 17.034902
7 17.035752
7 17.034819
7 17.034539
7 17.031648
7 17.034811
7 17.031750
7 17.037055
7 17.032011
7 17.034208
7 17.036791
7 17.027451
7 3629907.078516
7 17.027462
7 3629909.439840
7 17.030701
7 3630599.993784
7 17.031110
7 3630687.124629
7 17.031388
7 3630746.384280
7 17.031848
7 3630844.323725
7 17.031584
7 3630788.237953
7 17.032104
7 3630899.007512
7 17.026991
7 3629808.967118
7 17.029373
7 3630316.702442
7 17.029130
7 3630264.918066
7 17.028994
7 3630235.902307
7 17.032303
7 3630941.325809
7 17.026785
7 3629765.110944
7 17.028336
7 3630095.643429
7 17.028729
7 3630179.609079
7 17.027975
7 3630018.777697
7 17.027951
7 3630013.737509
7 17.027335
7 3629882.391113
7 17.028603
7 3630152.616769
7 17.030156
7 3630483.792860
7 17.023954
7 3629161.479938
7 17.029859
7 3630420.452823
7 17.034258
7 3631358.158793
7 17.029557
7 3630356.009143
7 17.026088
7 3629616.395009
7 17.030419
7 3630539.782979
7 17.025847
7 3629565.129709
7 17.030676
7 3630594.626395
7 17.026382
7 3629679.241864
7 17.030264
7 3630506.810761
7 17.031286
7 3630724.534224
7 17.026047
7 3629607.686062
7 17.028185
7 3630063.573411
7 17.029166
7 3630272.752199
7 17.027716
7 3629963.485460
7 17.029414
7 3630325.492156
7 17.027863
7 3629994.933709
7 17.029295
7 3630300.124145
7 17.027310
7 3629877.079441
7 17.029254
7 3630291.475045
7 17.029661
7 3630378.118658
7 17.031671
7 3630806.702251
7 17.030525
7 3630562.367204
7 17.029163
7 3630272.010747
7 17.029657
7 3630377.348231
7 17.027748
7 3629970.351385
7 17.031661
7 3630804.554439
7 17.031274
7 3630721.982871
7 17.028981
7 3630233.158194
