8 19.790574
8 19.776298
8 19.783670
8 19.780222
8 19.779727
8 19.782124
8 19.780655
8 19.782726
8 19.780867
8 19.783122
8 19.783986
8 19.778985
8 19.784658
8 19.781650
8 19.782845
8 19.781673
8 19.783916
8 19.782263
8 19.782681
8 19.785255
8 19.781436
8 19.780690
8 19.783067
8 19.782471
8 19.782099
8 19.781895
8 19.780438
8 19.779587
8 19.780894
8 19.781623
8 19.779209
8 19.782407
8 19.784756
8 19.782748
8 19.783278
8 19.783927
8 19.783666
8 19.782074
8 19.781984
8 19.785653
8 19.780974
8 19.784042
8 19.786333
8 19.783381
8 19.782864
8 19.780641
8 19.782133
8 19.782845
8 19.781391
8 19.783492