2 4.991181
2 4.989542
2 4.991832
2 4.992984
2 4.995125
2 4.994508
2 4.996938
2 4.991841
2 4.990956
2 4.993536
2 5.000159
2 4.994099
2 4.998576
2 4.996376
2 4.997656
2 4.996763
2 5.001286
2 4.997747
2 5.001383
2 4.994554
2 5.002693
2 4.995699
2 4.995695
2 5.002531
2 4.995371
2 5.003327
2 4.994105
2 4.995063
2 5.002446
2 4.994881
2 4.994317
2 4.994191
2 4.995046
2 4.994537
2 5.000122
2 5.003907
2 4.995914
2 5.002659
2 5.002535
2 4.999788
2 4.997933
2 4.998225
2 5.004523
2 4.999013
2 4.997327
2 5.001081
2 5.006207
2 4.998572
2 4.993731
2 4.997015