3 7.183719
3 7.185583
3 7.191509
3 7.185431
3 7.188632
3 7.184540
3 7.192082
3 7.182625
3 7.185322
3 7.183836
3 7.190069
3 7.185960
3 7.181235
3 7.186079
3 7.187217
3 7.185292
3 7.184975
3 7.182811
3 7.186132
3 7.183517
3 7.182617
3 7.186726
3 7.186240
3 7.185086
3 7.186351
3 7.182481
3 7.182453
3 7.189778
3 7.187445
3 7.186393
3 7.183220
3 7.186461
3 7.187687
3 7.184279
3 7.186499
3 7.182983
3 7.185575
3 7.190623
3 7.183980
3 7.185138
3 7.187521
3 7.185814
3 7.184742
3 7.185282
3 7.184681
3 7.183711
3 7.184076
3 7.184907
3 7.186653
3 7.185132