8 4222218.481565
8 4223325.138308
8 4223460.585255
8 4223746.226047
8 4223441.392470
8 4224106.796746
8 4224845.473024
8 4224121.138202
8 4224041.503431
8 4224006.014380
8 4223210.345846
8 4223168.784295
8 4223355.552182
8 4223239.968060
8 4221986.400349
8 4222779.307915
8 4223566.095867
8 4222895.586609
8 4223887.692246
8 4223439.247880
8 4223076.088711
8 4222734.385219
8 4222876.923783
8 4222853.712396
8 4222919.049239
8 4222836.937302
8 4223258.782539
8 4223096.312230
8 4222818.242822
8 4222788.788820
8 4222979.647493
8 4223548.248175
8 4223570.449960
8 4223038.583163
8 4222970.475508
8 4223531.530970
8 4223226.000437
8 4223240.460701
8 4223436.897752
8 4222912.230602
8 4223237.323373
8 4223147.321064
8 4222777.025641
8 4222615.447273
8 4222285.320997
8 4222113.658913
8 4222311.558984
8 4222379.685306
8 4222637.535563
8 4223348.376044
