2 1065265.204764
2 1065531.842741
2 1065552.245119
2 1065067.408051
2 1065125.826423
2 1065149.443074
2 1065234.754997
2 1065729.046780
2 1065474.404032
2 1065435.460396
2 1065205.045030
2 1065395.206501
2 1065231.717594
2 1065658.579368
2 1067250.086874
2 1066158.611191
2 1065494.403719
2 1065557.367224
2 1065474.108795
2 1065287.256283
2 1066328.824009
2 1066168.294328
2 1065930.149552
2 1065299.670231
2 1066216.654925
2 1065437.989867
2 1065619.038756
2 1066403.346683
2 1065622.102369
2 1065459.424240
2 1065191.868926
2 1065624.704922
2 1065974.095367
2 1066808.029954
2 1065151.696891
2 1065723.436004
2 1065923.610764
2 1065767.788014
2 1065595.368205
2 1065534.996862
2 1066174.068881
2 1065081.279881
2 1066763.060137
2 1066809.334909
2 1066906.140855
2 1065531.527769
2 1066747.292941
2 1066021.770918
2 1065826.830383
2 1065488.616140
